# time_ps avg_interchain_contacts
0.000000 57.3670067058
200.000000 56.2833950559
400.000000 58.0270088108
600.000000 57.0391595985
800.000000 56.9358001281
1000.000000 57.1537615945
1200.000000 57.4152154936
1400.000000 56.6974529107
1600.000000 55.7306345676
1800.000000 55.2941544950
2000.000000 56.1664179617
2200.000000 56.0162829022
2400.000000 56.0260693299
2600.000000 55.2225224606
2800.000000 56.6661182984
3000.000000 56.3259440150
3200.000000 55.9311310135
3400.000000 57.9739619654
3600.000000 56.0324297365
3800.000000 56.0357405000
4000.000000 58.8838602766
4200.000000 58.3704642138
4400.000000 58.1838370179
4600.000000 57.8861041250
4800.000000 57.9010626574
5000.000000 57.5680822831
5200.000000 58.5306682393
5400.000000 58.8429371555
5600.000000 59.9173498916
5800.000000 58.3971631462
6000.000000 58.6562572353
6200.000000 59.4641065160
6400.000000 57.9033049835
6600.000000 56.9865020338
6800.000000 59.6349749485
7000.000000 58.9765740295
7200.000000 58.5571961013
7400.000000 57.8522750701
7600.000000 54.6323928183
7800.000000 56.5522436925
8000.000000 57.3514813827
8200.000000 57.5121496786
8400.000000 56.3290863226
8600.000000 57.2604004153
8800.000000 59.6402152680
9000.000000 59.0188497391
9200.000000 57.7123657107
9400.000000 57.5715717981
9600.000000 59.2272802645
9800.000000 59.6630476530
10000.000000 59.4429205426
10200.000000 59.7384181036
10400.000000 59.1301887515
10600.000000 59.4753623939
10800.000000 58.7394618926
11000.000000 58.8891925803
11200.000000 58.3309021945
11400.000000 57.7818230895
11600.000000 57.9330118606
11800.000000 57.2800207507
12000.000000 59.5279532298
12200.000000 58.1851042568
12400.000000 57.4700281710
12600.000000 57.4211692591
12800.000000 56.5727068191
13000.000000 58.0627560840
13200.000000 56.9107763429
13400.000000 59.0302960898
13600.000000 58.7752087830
13800.000000 57.9188058586
14000.000000 59.2188741870
14200.000000 57.0501659840
14400.000000 56.1433893114
14600.000000 57.6638223505
14800.000000 58.2446000556
15000.000000 57.0243187794
15200.000000 56.0238655315
15400.000000 56.7740819155
15600.000000 56.5817709624
15800.000000 57.4546837714
16000.000000 59.0146384948
16200.000000 58.0332733547
16400.000000 58.6019931027
16600.000000 59.2906814119
16800.000000 59.3206065863
17000.000000 58.9832097727
17200.000000 58.4651536364
17400.000000 57.7142863939
17600.000000 59.2875542752
17800.000000 59.1282523116
18000.000000 59.5843400853
18200.000000 58.4494156173
18400.000000 57.9662727806
18600.000000 57.0226893997
18800.000000 56.0674556215
19000.000000 57.3093635762
19200.000000 57.3298698477
19400.000000 57.2291762183
19600.000000 57.2436446647
19800.000000 56.9895992607
20000.000000 57.4992877847
20200.000000 58.8537422154
20400.000000 58.1020456814
20600.000000 57.7640183698
20800.000000 57.7677839446
21000.000000 58.8315887764
21200.000000 59.8138256802
21400.000000 59.2992754258
21600.000000 60.4356848551
21800.000000 59.4528056938
22000.000000 58.2132517099
22200.000000 57.1759958987
22400.000000 58.3025748281
22600.000000 57.9271499560
22800.000000 58.6567470424
23000.000000 56.2728155544
23200.000000 56.0305933944
23400.000000 58.6440922252
23600.000000 57.9377163780
23800.000000 58.3078259032
24000.000000 57.8613046750
24200.000000 56.7774515095
24400.000000 55.8416176176
24600.000000 56.2093397541
24800.000000 54.8498704719
25000.000000 55.0495596774
25200.000000 53.6945636089
25400.000000 54.8495855028
25600.000000 54.8500171779
25800.000000 56.5183481811
26000.000000 55.6667978994
26200.000000 57.0210238042
26400.000000 56.6375357132
26600.000000 55.8805757363
26800.000000 57.7930659385
27000.000000 57.1538228584
27200.000000 56.1100247780
27400.000000 56.8858358369
27600.000000 57.4377995875
27800.000000 56.3371706147
28000.000000 58.3531223625
28200.000000 58.0755277381
28400.000000 56.5187961330
28600.000000 57.2276640836
28800.000000 57.6545347788
29000.000000 55.8623371008
29200.000000 55.9338779784
29400.000000 57.1053789272
29600.000000 56.5703773646
29800.000000 57.3861304182
30000.000000 57.9055157260
30200.000000 58.4952749942
30400.000000 57.5755197236
30600.000000 56.4112382618
30800.000000 56.7709679576
31000.000000 56.3365369497
31200.000000 55.5670729186
31400.000000 55.3972479923
31600.000000 55.8137345411
31800.000000 55.9164400729
32000.000000 56.7697562608
32200.000000 56.7555410461
32400.000000 56.3874143655
32600.000000 55.0637043290
32800.000000 55.6083652819
33000.000000 54.8294528392
33200.000000 55.1724999303
33400.000000 57.0908115409
33600.000000 56.1641309163
33800.000000 57.2154507609
34000.000000 57.4296473038
34200.000000 57.5110170349
34400.000000 55.5622965182
34600.000000 56.8259722699
34800.000000 56.7119251138
35000.000000 58.3081395296
35200.000000 57.4348585535
35400.000000 56.2709014010
35600.000000 56.5090156870
35800.000000 56.4381821174
36000.000000 57.0539355814
36200.000000 56.1330393151
36400.000000 54.8231749960
36600.000000 55.1267907791
36800.000000 54.4782940506
37000.000000 55.3368629167
37200.000000 54.3605056864
37400.000000 56.0183498767
37600.000000 56.0655079978
37800.000000 56.2346643176
38000.000000 57.0730612298
38200.000000 56.6111974156
38400.000000 56.3354819005
38600.000000 56.4485450979
38800.000000 56.9799607961
39000.000000 55.4110850598
39200.000000 56.7154016765
39400.000000 57.4520678927
39600.000000 56.4710969244
39800.000000 56.5755024208
40000.000000 56.3237894500
40200.000000 56.8378753281
40400.000000 56.6402735968
40600.000000 58.2622240604
40800.000000 58.3500939574
41000.000000 57.4740642964
41200.000000 56.6016318404
41400.000000 57.1712540486
41600.000000 57.3946819543
41800.000000 57.8638672021
42000.000000 57.9692408292
42200.000000 57.8047096197
42400.000000 58.1987294613
42600.000000 57.3919446186
42800.000000 59.1724443162
43000.000000 59.5406889476
43200.000000 59.8045186716
43400.000000 59.6882126617
43600.000000 58.9918281636
43800.000000 58.0186265937
44000.000000 59.1906812493
44200.000000 59.0812911844
44400.000000 59.7415036553
44600.000000 58.4662242276
44800.000000 59.3024049108
45000.000000 60.1003790727
45200.000000 59.8616368418
45400.000000 59.8241689853
45600.000000 60.1785051986
45800.000000 60.1639970761
46000.000000 61.6498119664
46200.000000 63.3003841923
46400.000000 62.6613545624
46600.000000 62.7348216503
46800.000000 62.8846536780
47000.000000 63.9407431134
47200.000000 63.3587535753
47400.000000 63.1000130572
47600.000000 61.9237021324
47800.000000 62.4904565665
48000.000000 64.7348432331
48200.000000 64.8885250343
48400.000000 63.2692889809
48600.000000 62.3212261351
48800.000000 61.2698353093
49000.000000 61.1249539866
49200.000000 61.1857830496
49400.000000 63.1802842641
49600.000000 63.1347347722
49800.000000 61.3117293069
50000.000000 60.4990703175
50200.000000 59.1702053562
50400.000000 59.4867716066
50600.000000 57.7349413025
50800.000000 57.4063444613
51000.000000 58.1810757268
51200.000000 57.9839895124
51400.000000 59.8128908796
51600.000000 58.8765183041
51800.000000 59.1406156907
52000.000000 58.9473678894
52200.000000 59.4178271680
52400.000000 58.5724601637
52600.000000 57.8320402355
52800.000000 58.2836162396
53000.000000 57.3648885376
53200.000000 57.5105943744
53400.000000 58.5854680052
53600.000000 57.6648950438
53800.000000 56.9083838725
54000.000000 54.8307976705
54200.000000 55.8486908816
54400.000000 56.2718655737
54600.000000 56.4392450545
54800.000000 56.4282088108
55000.000000 56.3256409741
55200.000000 57.2574415056
55400.000000 56.2006021871
55600.000000 57.4077576744
55800.000000 58.0218460578
56000.000000 59.1016416506
56200.000000 56.7828515741
56400.000000 56.8417660897
56600.000000 55.4885215905
56800.000000 55.0913080979
57000.000000 54.1217409106
57200.000000 54.8966359007
57400.000000 55.6418484478
57600.000000 54.5733665665
57800.000000 56.5020024275
58000.000000 56.4900583261
58200.000000 55.8895986653
58400.000000 56.6551472189
58600.000000 56.0046002440
58800.000000 56.0623286477
59000.000000 56.5732910420
59200.000000 57.5231296650
59400.000000 56.4265156651
59600.000000 56.7374057291
59800.000000 56.3347696773
60000.000000 57.9537029904
60200.000000 57.7148995455
60400.000000 56.5499751789
60600.000000 56.2599458204
60800.000000 57.1274348402
61000.000000 57.7258410955
61200.000000 55.5180649932
61400.000000 56.9954743986
61600.000000 56.4430336137
61800.000000 55.0948818111
62000.000000 54.9873850937
62200.000000 55.0706854872
62400.000000 57.2029369244
62600.000000 57.5644510356
62800.000000 57.5483354321
63000.000000 56.9895460549
63200.000000 57.2427796592
63400.000000 58.5565461536
63600.000000 56.8972931687
63800.000000 58.2787409563
64000.000000 58.1167776652
64200.000000 57.6362896853
64400.000000 56.9580879537
64600.000000 56.4633271804
64800.000000 57.9502077645
65000.000000 56.6733969198
65200.000000 56.3100913427
65400.000000 57.3314609537
65600.000000 57.5260163802
65800.000000 56.8293654442
66000.000000 57.6642267679
66200.000000 58.0749263382
66400.000000 58.0917521200
66600.000000 57.1233373257
66800.000000 56.9591113545
67000.000000 56.9963201066
67200.000000 56.7908048386
67400.000000 56.1750862963
67600.000000 57.4514931350
67800.000000 57.8379560857
68000.000000 57.1203695563
68200.000000 57.5824187680
68400.000000 57.9788818448
68600.000000 55.4296755312
68800.000000 56.0171856231
69000.000000 54.7015235057
69200.000000 53.6959201469
69400.000000 53.7877458251
69600.000000 54.4857330889
69800.000000 52.7310185747
70000.000000 52.5826557810
70200.000000 52.6853113587
70400.000000 54.9423233694
70600.000000 55.3794831681
70800.000000 55.1968399944
71000.000000 56.0213654520
71200.000000 54.2069729681
71400.000000 54.5100373321
71600.000000 55.3729351804
71800.000000 56.6832618218
72000.000000 58.3062540508
72200.000000 57.2370542996
72400.000000 59.4736839018
72600.000000 58.3754278831
72800.000000 58.3518607658
73000.000000 56.9321329774
73200.000000 57.0791554300
73400.000000 57.8232264458
73600.000000 57.3351912470
73800.000000 57.6119195310
74000.000000 57.6577121260
74200.000000 55.5379705429
74400.000000 56.1595945543
74600.000000 57.1822901050
74800.000000 58.5424033774
75000.000000 57.2069085159
75200.000000 57.8259498898
75400.000000 57.2957564419
75600.000000 57.3106163259
75800.000000 57.0704810118
76000.000000 57.7284336362
76200.000000 58.6484760992
76400.000000 58.2623549125
76600.000000 57.8962722769
76800.000000 57.3399489190
77000.000000 57.6346225533
77200.000000 56.9701687817
77400.000000 56.6933185953
77600.000000 55.9938886141
77800.000000 55.4879498318
78000.000000 55.9442320207
78200.000000 54.0653334662
78400.000000 55.3052342311
78600.000000 54.6515151687
78800.000000 54.9564779662
79000.000000 55.9906686859
79200.000000 57.4283128746
79400.000000 56.5684542824
79600.000000 56.1800023261
79800.000000 56.1240052533
80000.000000 56.0198382173
80200.000000 56.3052500575
80400.000000 56.2264868657
80600.000000 57.6691504520
80800.000000 58.1998479033
81000.000000 57.6815549247
81200.000000 56.4025418889
81400.000000 54.6174810616
81600.000000 55.5031881218
81800.000000 54.6268861294
82000.000000 54.6913734673
82200.000000 54.6964244652
82400.000000 56.5617587100
82600.000000 55.5073326147
82800.000000 55.5157815171
83000.000000 56.1686574530
83200.000000 55.0507798674
83400.000000 55.2754327253
83600.000000 56.0239233355
83800.000000 56.2207918552
84000.000000 56.7123626147
84200.000000 55.2498737479
84400.000000 55.6611428613
84600.000000 55.0235508191
84800.000000 56.7780678171
85000.000000 57.6565039540
85200.000000 57.2514362588
85400.000000 57.5401721532
85600.000000 55.4496132317
85800.000000 55.5446475702
86000.000000 55.3715282124
86200.000000 55.6503692991
86400.000000 57.1092878979
86600.000000 56.6761674402
86800.000000 56.4223899002
87000.000000 55.3235519679
87200.000000 53.2036188762
87400.000000 53.4758353378
87600.000000 53.9368051209
87800.000000 53.5140095749
88000.000000 53.4596808753
88200.000000 52.9760236084
88400.000000 53.1882873846
88600.000000 53.8371524573
88800.000000 51.7789419232
89000.000000 50.7230881852
89200.000000 50.8715991905
89400.000000 49.9327399894
89600.000000 50.5032268989
89800.000000 52.2490551873
90000.000000 52.0112592872
90200.000000 54.4324336425
90400.000000 53.3486735264
90600.000000 53.2800789868
90800.000000 53.0558731470
91000.000000 53.3300244377
91200.000000 52.8246208837
91400.000000 53.1547351229
91600.000000 52.2016924200
91800.000000 52.3066373479
92000.000000 52.8585903517
92200.000000 52.7627348973
92400.000000 53.3586401496
92600.000000 52.5729034266
92800.000000 51.2056960930
93000.000000 50.9720656579
93200.000000 50.7269970696
93400.000000 51.1138408016
93600.000000 49.9478968552
93800.000000 51.7446613507
94000.000000 51.5761067652
94200.000000 51.7730494310
94400.000000 51.3243574555
94600.000000 53.2467399034
94800.000000 52.7303692182
95000.000000 52.7634309998
95200.000000 51.9684050563
95400.000000 53.0910983964
95600.000000 52.6201107856
95800.000000 51.7292025029
96000.000000 51.3420061325
96200.000000 51.3090110256
96400.000000 51.4360246577
96600.000000 50.9935532657
96800.000000 54.2058089328
97000.000000 53.5652542997
97200.000000 54.1419099480
97400.000000 53.4874396819
97600.000000 53.9653797383
97800.000000 53.3539111841
98000.000000 53.8164463387
98200.000000 52.1392889680
98400.000000 51.7595120188
98600.000000 52.7290682478
98800.000000 52.0925785854
99000.000000 51.7672292463
99200.000000 51.7344628447
99400.000000 51.8975286902
99600.000000 52.3765878399
99800.000000 52.0483622229
100000.000000 51.7018162421
100200.000000 51.6758319449
100400.000000 52.4816698721
100600.000000 51.8183690509
100800.000000 50.6992666730
101000.000000 51.7114517612
101200.000000 51.6724132693
101400.000000 50.5294173056
101600.000000 51.0456026847
101800.000000 50.8372050248
102000.000000 50.2918412376
102200.000000 50.1851925977
102400.000000 51.1235917758
102600.000000 50.3509250663
102800.000000 51.5062329623
103000.000000 51.6836454588
103200.000000 52.9256796334
103400.000000 52.0353608140
103600.000000 53.1292353746
103800.000000 51.8694770201
104000.000000 52.6214172625
104200.000000 52.1220077952
104400.000000 51.7726342656
104600.000000 51.3063196484
104800.000000 51.4896232907
105000.000000 50.3630193186
105200.000000 50.0039591702
105400.000000 51.0458313732
105600.000000 51.4524251841
105800.000000 52.7868957946
106000.000000 52.5645913675
106200.000000 53.9914299857
106400.000000 54.5042156930
106600.000000 54.4203015151
106800.000000 53.9721180469
107000.000000 53.6450750228
107200.000000 55.1841923379
107400.000000 53.2203930703
107600.000000 52.1321379681
107800.000000 52.3973374049
108000.000000 50.3322133529
108200.000000 51.1355399787
108400.000000 51.2013364877
108600.000000 53.8886680262
108800.000000 54.0650231743
109000.000000 55.1020257772
109200.000000 54.6215200475
109400.000000 55.2130329276
109600.000000 54.6059510517
109800.000000 53.7474937811
110000.000000 54.7575198990
110200.000000 53.8146894560
110400.000000 53.9227220200
110600.000000 54.3728227635
110800.000000 54.8952804122
111000.000000 54.4409525596
111200.000000 53.7718710417
111400.000000 52.8510087229
111600.000000 54.3790207777
111800.000000 53.7575676213
112000.000000 52.7011684400
112200.000000 52.9666325025
112400.000000 51.7984680096
112600.000000 52.0816400271
112800.000000 50.7558292150
113000.000000 50.7187362393
113200.000000 51.1908543155
113400.000000 51.8578368416
113600.000000 50.4524950123
113800.000000 50.1888042595
114000.000000 52.0941270675
114200.000000 52.3421234157
114400.000000 50.6189050066
114600.000000 50.3451095770
114800.000000 50.6264699378
115000.000000 50.7793711851
115200.000000 51.3609375610
115400.000000 51.0146528864
115600.000000 49.4825677674
115800.000000 49.7131567116
116000.000000 49.9506887079
116200.000000 51.1685916360
116400.000000 50.2471016685
116600.000000 50.0154528607
116800.000000 49.9811568984
117000.000000 50.4764823064
117200.000000 51.0659454452
117400.000000 52.1367822810
117600.000000 52.0148856579
117800.000000 51.8137158637
118000.000000 51.7928982270
118200.000000 52.3791453493
118400.000000 51.1124187562
118600.000000 49.4496778483
118800.000000 49.7449383157
119000.000000 50.8411116503
119200.000000 49.9053666120
119400.000000 51.0209109418
119600.000000 51.9608814777
119800.000000 51.6895878477
120000.000000 49.9302614657
120200.000000 50.2650708517
120400.000000 50.9706916393
120600.000000 51.0075282029
120800.000000 50.0061751389
121000.000000 51.5798885122
121200.000000 51.0888334773
121400.000000 52.2859811860
121600.000000 51.9441601281
121800.000000 53.3062086807
122000.000000 54.8998218331
122200.000000 55.6413538333
122400.000000 55.6196409715
122600.000000 55.6433701774
122800.000000 54.8487496315
123000.000000 53.0426445971
123200.000000 51.9614882857
123400.000000 51.9326987249
123600.000000 53.0272489731
123800.000000 52.6424011953
124000.000000 53.1922317800
124200.000000 53.4586047041
124400.000000 53.4457568168
124600.000000 53.3950761570
124800.000000 53.7261190599
125000.000000 53.4818402843
125200.000000 54.1363212998
125400.000000 55.3049802107
125600.000000 54.8591208327
125800.000000 54.4432745507
126000.000000 54.3347809111
126200.000000 55.2031826833
126400.000000 56.3455501539
126600.000000 55.8096654409
126800.000000 55.7344083899
127000.000000 53.8001113551
127200.000000 53.5156042517
127400.000000 52.8917028998
127600.000000 53.1947778014
127800.000000 53.9889385447
128000.000000 54.0787389900
128200.000000 54.8749426696
128400.000000 54.1005751106
128600.000000 55.1562451602
128800.000000 54.2663584610
129000.000000 53.3011584208
129200.000000 55.5897591678
129400.000000 56.9855192189
129600.000000 56.0002393215
129800.000000 55.8762138793
130000.000000 55.1426308680
130200.000000 54.1691490460
130400.000000 56.6330141654
130600.000000 56.1545950061
130800.000000 56.4112273243
131000.000000 56.6569352308
131200.000000 56.8901579974
131400.000000 57.0714189707
131600.000000 55.8167647920
131800.000000 56.1404913496
132000.000000 55.3895391982
132200.000000 56.3740296153
132400.000000 56.7823681292
132600.000000 56.4057078721
132800.000000 57.2194752334
133000.000000 55.5102667751
133200.000000 57.3387646336
133400.000000 58.9029482982
133600.000000 58.8542666990
133800.000000 57.9945665411
134000.000000 59.1560915662
134200.000000 57.9936339890
134400.000000 58.7083770377
134600.000000 58.2382918080
134800.000000 58.2869260272
135000.000000 57.1960820723
135200.000000 58.4872800496
135400.000000 58.9778071613
135600.000000 56.7334862002
135800.000000 58.4469479628
136000.000000 60.4471588737
136200.000000 60.3015841808
136400.000000 59.1045257307
136600.000000 58.2387761305
136800.000000 57.6796889626
137000.000000 58.0407879949
137200.000000 58.1451085498
137400.000000 56.6355604955
137600.000000 56.6529114468
137800.000000 57.0705772801
138000.000000 55.7146962073
138200.000000 57.9469558765
138400.000000 57.0107367974
138600.000000 55.4147848531
138800.000000 54.9322985090
139000.000000 56.6807917468
139200.000000 57.1705416450
139400.000000 57.9690879375
139600.000000 56.4522729817
139800.000000 57.1358427093
140000.000000 58.1235169465
140200.000000 56.6599478645
140400.000000 56.5351518504
140600.000000 56.1612941318
140800.000000 54.3546544889
141000.000000 55.4569579474
141200.000000 56.2979216885
141400.000000 58.2386923321
141600.000000 57.1848404752
141800.000000 56.0853494473
142000.000000 57.6453729155
142200.000000 58.1576140897
142400.000000 58.1446203263
142600.000000 56.1997582376
142800.000000 57.3063468257
143000.000000 57.6665350394
143200.000000 58.7156406756
143400.000000 58.1925069940
143600.000000 58.5681755468
143800.000000 57.6949874467
144000.000000 59.0762297258
144200.000000 58.7176964873
144400.000000 58.8585610740
144600.000000 59.0781353902
144800.000000 58.4253055864
145000.000000 57.3314751251
145200.000000 57.0558070453
145400.000000 56.2666595208
145600.000000 57.5846018753
145800.000000 56.1503330167
146000.000000 55.1578513531
146200.000000 56.1286576621
146400.000000 57.1346484751
146600.000000 56.0503270594
146800.000000 58.1074520606
147000.000000 57.0828351433
147200.000000 59.1895142642
147400.000000 60.3080639347
147600.000000 62.1113868260
147800.000000 60.4293097572
148000.000000 59.8708428165
148200.000000 59.3541658940
148400.000000 59.2053572132
148600.000000 58.7754899415
148800.000000 60.5000985406
149000.000000 61.5040335989
149200.000000 61.1286549185
149400.000000 59.9477871825
149600.000000 58.3575312034
149800.000000 60.0937494951
150000.000000 59.8082088727
150200.000000 58.1856954588
150400.000000 57.4884418955
150600.000000 57.2421905925
150800.000000 56.5976851556
151000.000000 57.0210114895
151200.000000 57.6400694284
151400.000000 57.5551643311
151600.000000 57.5315660175
151800.000000 55.7535424604
152000.000000 55.9269707588
152200.000000 56.4816252024
152400.000000 57.2660524300
152600.000000 57.0021917257
152800.000000 57.7522941972
153000.000000 56.9956889381
153200.000000 57.8079018303
153400.000000 58.3575299662
153600.000000 58.7425913937
153800.000000 58.0311533737
154000.000000 57.7049479737
154200.000000 57.5343425832
154400.000000 58.0563325891
154600.000000 57.5480525362
154800.000000 55.9792371537
155000.000000 54.9754509218
155200.000000 53.5448562304
155400.000000 55.0274761409
155600.000000 54.2216371553
155800.000000 53.8252141097
156000.000000 54.9417127597
156200.000000 54.6436101485
156400.000000 54.9080727424
156600.000000 54.5259204953
156800.000000 54.4497889052
157000.000000 55.0356767601
157200.000000 55.9789764196
157400.000000 55.7875067903
157600.000000 54.6723276212
157800.000000 54.6636232855
158000.000000 54.6669050308
158200.000000 53.2296618498
158400.000000 52.7946410645
158600.000000 52.9995448192
158800.000000 55.0966138345
159000.000000 55.9864632011
159200.000000 56.4441046677
159400.000000 54.4774879055
159600.000000 55.8139421719
159800.000000 54.5997863341
160000.000000 53.6798103404
160200.000000 53.6990497270
160400.000000 54.0865806833
160600.000000 55.3393752909
160800.000000 57.2462531345
161000.000000 56.2167721433
161200.000000 56.3494908327
161400.000000 54.1678794167
161600.000000 56.4030962142
161800.000000 57.4271321706
162000.000000 56.5561371149
162200.000000 57.0775001302
162400.000000 56.2609092219
162600.000000 55.9555322234
162800.000000 55.5246545193
163000.000000 56.0617543350
163200.000000 55.8095206834
163400.000000 56.2936246179
163600.000000 56.3702340234
163800.000000 58.9701984302
164000.000000 56.3841048930
164200.000000 55.1392478796
164400.000000 55.4381538313
164600.000000 56.2488770499
164800.000000 56.2988942329
165000.000000 56.5634754814
165200.000000 56.5231850178
165400.000000 54.8348518713
165600.000000 55.2642692293
165800.000000 54.6069666746
166000.000000 55.6524945505
166200.000000 54.9252256445
166400.000000 55.5103135161
166600.000000 56.1482900380
166800.000000 56.0103078332
167000.000000 56.2302250364
167200.000000 57.1568293470
167400.000000 56.4631446877
167600.000000 56.0489556637
167800.000000 55.3620773252
168000.000000 54.9815310237
168200.000000 55.6827286089
168400.000000 55.5338359115
168600.000000 55.3889079944
168800.000000 53.4410631646
169000.000000 54.6074455781
169200.000000 54.3125487349
169400.000000 53.2024594000
169600.000000 51.6311162545
169800.000000 51.1685391772
170000.000000 51.8109639477
170200.000000 53.1242074445
170400.000000 54.0258577712
170600.000000 54.0644827588
170800.000000 53.3374020220
171000.000000 53.6136265188
171200.000000 55.3059797739
171400.000000 55.6658327502
171600.000000 53.8955790011
171800.000000 56.2206612205
172000.000000 56.0734450563
172200.000000 54.4078167654
172400.000000 53.9047040737
172600.000000 54.8949300960
172800.000000 54.7231619202
173000.000000 54.1444891493
173200.000000 54.2861077279
173400.000000 54.5568553199
173600.000000 56.3536988080
173800.000000 55.2926457921
174000.000000 55.3828069164
174200.000000 53.3612182626
174400.000000 54.4106556125
174600.000000 55.8294362848
174800.000000 54.2528432073
175000.000000 55.3686733783
175200.000000 54.8758216086
175400.000000 54.6836452584
175600.000000 53.6282254285
175800.000000 53.2707670426
176000.000000 53.9137073590
176200.000000 55.6242176300
176400.000000 54.1079815816
176600.000000 54.9781560536
176800.000000 56.4525199895
177000.000000 57.2117362048
177200.000000 56.3010307435
177400.000000 55.2388578416
177600.000000 56.0615779452
177800.000000 55.1920249449
178000.000000 54.9863045085
178200.000000 54.8835650499
178400.000000 52.9620895230
178600.000000 52.7492897333
178800.000000 53.0034675496
179000.000000 52.7758144410
179200.000000 53.0545957756
179400.000000 53.3694489318
179600.000000 53.8762311051
179800.000000 55.5492119400
180000.000000 56.1348488308
180200.000000 55.9601361841
180400.000000 55.7682599973
180600.000000 56.6994732823
180800.000000 56.8979642729
181000.000000 56.0596488939
181200.000000 55.7751430417
181400.000000 57.8059505895
181600.000000 56.0137167536
181800.000000 56.7036314498
182000.000000 55.4296037168
182200.000000 54.8425189379
182400.000000 54.6343298210
182600.000000 55.6232642648
182800.000000 55.1841771333
183000.000000 56.1237713723
183200.000000 55.9549044977
183400.000000 57.1284192739
183600.000000 57.2761380010
183800.000000 57.0753251747
184000.000000 55.8640203120
184200.000000 55.6878423535
184400.000000 54.8904918517
184600.000000 53.6269701233
184800.000000 53.5028806228
185000.000000 55.1518580657
185200.000000 55.2012241675
185400.000000 55.5610511454
185600.000000 56.2248991614
185800.000000 55.5568757969
186000.000000 55.3188853961
186200.000000 54.9094013482
186400.000000 56.1128385479
186600.000000 56.5646579105
186800.000000 58.1066849602
187000.000000 56.9794990891
187200.000000 57.2506230989
187400.000000 55.9947715180
187600.000000 57.1390095138
187800.000000 56.3718678648
188000.000000 55.0425538066
188200.000000 55.3964667327
188400.000000 56.2110498192
188600.000000 55.9139076139
188800.000000 54.8096932762
189000.000000 54.3296865958
189200.000000 53.9191978740
189400.000000 54.8005131472
189600.000000 55.7157234779
189800.000000 56.4811186997
190000.000000 55.2080259624
190200.000000 56.1484280818
190400.000000 56.0470017777
190600.000000 56.1641582711
190800.000000 55.2341183588
191000.000000 54.7715480546
191200.000000 55.1443914724
191400.000000 56.0296676488
191600.000000 57.5402467532
191800.000000 57.1282349711
192000.000000 57.2849107102
192200.000000 56.7213808123
192400.000000 56.8850851354
192600.000000 57.2547720124
192800.000000 57.7480839163
193000.000000 57.5759373206
193200.000000 57.3070111616
193400.000000 57.5488441560
193600.000000 57.7898726900
193800.000000 57.5728273670
194000.000000 55.9104976220
194200.000000 55.1913173591
194400.000000 56.3527485264
194600.000000 56.8920974550
194800.000000 58.4368646404
195000.000000 59.0704562154
195200.000000 59.4612291862
195400.000000 58.3267959937
195600.000000 57.3669765746
195800.000000 56.7895968983
196000.000000 56.9977209059
196200.000000 57.4086810035
196400.000000 57.1036715536
196600.000000 57.4370473424
196800.000000 57.3005167915
197000.000000 55.8273387520
197200.000000 55.7259763627
197400.000000 56.4842493699
197600.000000 56.5121366229
197800.000000 57.9281587248
198000.000000 59.3356423333
198200.000000 58.4197255116
198400.000000 57.3195072473
198600.000000 55.8823265822
198800.000000 56.5781620441
199000.000000 56.7425029728
199200.000000 56.4374768712
199400.000000 56.1721524865
199600.000000 55.9384453351
199800.000000 57.5511785989
200000.000000 56.3608355391
200200.000000 55.3979607167
200400.000000 55.6706857729
200600.000000 57.3557947861
200800.000000 56.6610543084
201000.000000 56.3992996297
201200.000000 56.7724249628
201400.000000 56.6001204889
201600.000000 54.8518651625
201800.000000 54.0281596743
202000.000000 54.5732710310
202200.000000 54.9212918333
202400.000000 54.7458361942
202600.000000 55.3757413761
202800.000000 55.5000286763
203000.000000 54.9467783826
203200.000000 55.5034114448
203400.000000 55.7568801543
203600.000000 54.3054695949
203800.000000 54.9081902511
204000.000000 54.6771690089
204200.000000 53.7708150182
204400.000000 52.8586206873
204600.000000 53.4035820584
204800.000000 52.8971026138
205000.000000 53.9419086429
205200.000000 54.3690143297
205400.000000 52.9163536681
205600.000000 52.4654533678
205800.000000 52.3693459685
206000.000000 51.8259110561
206200.000000 52.0671841931
206400.000000 51.7812447330
206600.000000 51.5898368909
206800.000000 51.2252131938
207000.000000 52.1019722846
207200.000000 54.0815531834
207400.000000 54.6947437118
207600.000000 55.3512988227
207800.000000 54.1390596682
208000.000000 55.3134112398
208200.000000 54.0752554449
208400.000000 54.6933686159
208600.000000 56.1518453310
208800.000000 54.5511342433
209000.000000 52.3569015211
209200.000000 52.6232837709
209400.000000 51.7433311653
209600.000000 51.4678291198
209800.000000 52.5160709754
210000.000000 52.0974751499
210200.000000 54.3399472693
210400.000000 55.4095085242
210600.000000 55.7861981786
210800.000000 55.3367674532
211000.000000 55.6801033566
211200.000000 54.7648693086
211400.000000 54.8130555210
211600.000000 55.2395606936
211800.000000 54.3222904888
212000.000000 53.8956835397
212200.000000 54.2534143419
212400.000000 53.3702111494
212600.000000 53.2548262633
212800.000000 55.2400458491
213000.000000 55.4083281716
213200.000000 53.9035884119
213400.000000 54.4227359170
213600.000000 54.5276778706
213800.000000 54.6744673189
214000.000000 55.5860422068
214200.000000 54.6277471301
214400.000000 54.0317858749
214600.000000 54.9564697217
214800.000000 53.5374038441
215000.000000 52.9566054966
215200.000000 53.3205571222
215400.000000 52.4140111202
215600.000000 53.6784633647
215800.000000 51.6096645230
216000.000000 52.3612676572
216200.000000 53.0456888392
216400.000000 52.2538716800
216600.000000 51.7700373704
216800.000000 52.9643497000
217000.000000 55.0640088678
217200.000000 56.2030749374
217400.000000 55.2258863154
217600.000000 54.7073282366
217800.000000 54.8401555625
218000.000000 54.0139586257
218200.000000 53.9455641072
218400.000000 54.3814688572
218600.000000 56.5186020028
218800.000000 56.0324923890
219000.000000 54.8297577574
219200.000000 55.4746996781
219400.000000 55.4981781989
219600.000000 56.4833052072
219800.000000 56.9628193208
220000.000000 56.5083794700
220200.000000 54.6311223926
220400.000000 56.7338189393
220600.000000 57.6384084116
220800.000000 57.6381586170
221000.000000 58.7649833398
221200.000000 57.5382228824
221400.000000 57.4497028818
221600.000000 57.5049695962
221800.000000 57.5652598820
222000.000000 55.3929131139
222200.000000 55.7300836689
222400.000000 54.9517179803
222600.000000 55.0505918121
222800.000000 56.9747614097
223000.000000 56.0790580993
223200.000000 55.3965499155
223400.000000 54.6343686000
223600.000000 54.5975362730
223800.000000 56.1088758358
224000.000000 55.0727303869
224200.000000 55.7437761887
224400.000000 54.2795817958
224600.000000 55.8127402096
224800.000000 55.5678395134
225000.000000 55.9363145639
225200.000000 55.1992677062
225400.000000 54.7325551051
225600.000000 56.6318850345
225800.000000 57.0216983277
226000.000000 56.6338973772
226200.000000 55.8106599095
226400.000000 56.8839054718
226600.000000 56.6963537267
226800.000000 56.8064148869
227000.000000 56.1305614840
227200.000000 55.2125856487
227400.000000 55.5446722410
227600.000000 56.0953242440
227800.000000 57.6006526885
228000.000000 56.5126079311
228200.000000 57.0560398024
228400.000000 57.3952605641
228600.000000 57.0922327135
228800.000000 55.1263148642
229000.000000 54.5180268135
229200.000000 55.3228332852
229400.000000 54.1317351860
229600.000000 55.4317671287
229800.000000 55.0848353875
230000.000000 53.8912105603
230200.000000 55.1908386775
230400.000000 54.1057531704
230600.000000 53.8268037139
230800.000000 53.9636506868
231000.000000 53.1945428741
231200.000000 53.4993393312
231400.000000 52.4221516949
231600.000000 53.9581236038
231800.000000 53.4488281772
232000.000000 53.5346510193
232200.000000 51.9233066855
232400.000000 52.3904715712
232600.000000 53.3967976516
232800.000000 53.7605996216
233000.000000 53.9485161116
233200.000000 51.0151119255
233400.000000 50.3760714805
233600.000000 51.0822414753
233800.000000 50.7919062101
234000.000000 51.8303332100
234200.000000 51.7504370766
234400.000000 51.8563096816
234600.000000 52.1966838823
234800.000000 53.4844076007
235000.000000 53.4220559516
235200.000000 53.0077516377
235400.000000 53.0041123396
235600.000000 54.0360272519
235800.000000 55.0879729508
236000.000000 55.2049713851
236200.000000 54.8223525957
236400.000000 53.6452840832
236600.000000 51.6037415363
236800.000000 52.1955385705
237000.000000 52.2173367711
237200.000000 52.6538124650
237400.000000 53.3692227837
237600.000000 54.0551957158
237800.000000 54.0846033477
238000.000000 53.7987903533
238200.000000 52.6701673133
238400.000000 52.9011044331
238600.000000 53.2473195442
238800.000000 52.2359090491
239000.000000 52.9457222353
239200.000000 52.2486726102
239400.000000 52.7552192396
239600.000000 52.8007699626
239800.000000 52.2641714438
240000.000000 52.9305376661
240200.000000 51.1776360659
240400.000000 51.8495056608
240600.000000 52.5221259877
240800.000000 52.7830542662
241000.000000 52.4017048054
241200.000000 53.7638866076
241400.000000 53.9044885919
241600.000000 54.6350808729
241800.000000 54.8689571547
242000.000000 52.5674262931
242200.000000 52.9153998425
242400.000000 52.9218749853
242600.000000 51.8765530457
242800.000000 53.1825807609
243000.000000 52.1813378224
243200.000000 53.5689389768
243400.000000 54.1613826755
243600.000000 54.1456936495
243800.000000 54.6265185622
244000.000000 55.1124538137
244200.000000 56.1157682243
244400.000000 56.6981799941
244600.000000 56.0212841265
244800.000000 55.1938561849
245000.000000 55.9948158075
245200.000000 54.3665896145
245400.000000 54.7736709066
245600.000000 55.3328994197
245800.000000 54.6355590453
246000.000000 55.7480450307
246200.000000 56.8247458907
246400.000000 55.3958145844
246600.000000 58.2374005722
246800.000000 57.4387202133
247000.000000 57.2223639255
247200.000000 57.0024317990
247400.000000 55.6444510239
247600.000000 56.8981787317
247800.000000 55.3133250084
248000.000000 55.5159310119
248200.000000 55.6932601716
248400.000000 55.4265408075
248600.000000 55.0410616406
248800.000000 55.0994343533
249000.000000 57.5568441184
249200.000000 56.2530226543
249400.000000 56.4118210430
249600.000000 56.8218744556
249800.000000 56.1773559810
250000.000000 55.5084520847
250200.000000 56.4891072463
250400.000000 56.3147516462
250600.000000 58.0631803442
250800.000000 59.3785021947
251000.000000 60.3838208784
251200.000000 59.8762419453
251400.000000 59.5942626328
251600.000000 58.6677231801
251800.000000 57.6204596392
252000.000000 56.1681434587
252200.000000 57.3945917699
252400.000000 58.3961438579
252600.000000 57.5771082278
252800.000000 57.9628664006
253000.000000 57.5094005988
253200.000000 56.1624579416
253400.000000 57.7884003745
253600.000000 55.6257142563
253800.000000 56.2277434858
254000.000000 56.3192732981
254200.000000 57.2777233803
254400.000000 56.5230219469
254600.000000 57.8415870475
254800.000000 56.9554202697
255000.000000 56.9143996100
255200.000000 55.2600476501
255400.000000 55.9275867383
255600.000000 56.0916218550
255800.000000 57.3338604250
256000.000000 55.3923279853
256200.000000 56.6053453408
256400.000000 57.7899770848
256600.000000 57.2293123317
256800.000000 56.3341904433
257000.000000 57.4861357340
257200.000000 58.1889381477
257400.000000 57.9245051706
257600.000000 58.0757249939
257800.000000 56.6605620177
258000.000000 56.9505592593
258200.000000 56.1370523785
258400.000000 56.1948086745
258600.000000 55.8425625699
258800.000000 55.7355023146
259000.000000 55.6471310482
259200.000000 55.4894589974
259400.000000 56.4070812908
259600.000000 58.2791469845
259800.000000 58.2021849990
260000.000000 58.2055803687
260200.000000 56.9094979300
260400.000000 58.5462082091
260600.000000 56.7221005900
260800.000000 57.6040537281
261000.000000 58.0000211366
261200.000000 57.8964121168
261400.000000 58.8371056086
261600.000000 58.8850042151
261800.000000 57.8378318544
262000.000000 57.3888687516
262200.000000 56.8169049496
262400.000000 57.7746316813
262600.000000 59.2418425025
262800.000000 59.8485532068
263000.000000 60.5838745086
263200.000000 59.9976315072
263400.000000 59.3683238901
263600.000000 58.9236950497
263800.000000 57.3836831360
264000.000000 57.4482933111
264200.000000 56.9563806623
264400.000000 58.9695319717
264600.000000 58.6298309546
264800.000000 57.3723119940
265000.000000 57.9354030931
265200.000000 57.6195684930
265400.000000 56.3854088322
265600.000000 55.1461209530
265800.000000 56.6956327309
266000.000000 56.0146744994
266200.000000 58.5778284102
266400.000000 58.2661664970
266600.000000 57.8943812321
266800.000000 58.3377979817
267000.000000 58.8549601482
267200.000000 58.4846926641
267400.000000 58.7733929383
267600.000000 56.9923977941
267800.000000 56.3581004122
268000.000000 56.5233616210
268200.000000 56.5239889311
268400.000000 54.6872232849
268600.000000 55.2063373580
268800.000000 54.1542148461
269000.000000 54.3434858897
269200.000000 54.8896592191
269400.000000 54.8721837920
269600.000000 55.3724871825
269800.000000 55.0121785127
270000.000000 55.3235236068
270200.000000 56.2900703187
270400.000000 58.2447192308
270600.000000 56.8300430152
270800.000000 57.0395383918
271000.000000 57.1723058464
271200.000000 59.1533313827
271400.000000 58.7080458326
271600.000000 57.4095928269
271800.000000 57.0117976434
272000.000000 55.9847915722
272200.000000 56.4116729097
272400.000000 57.4577782412
272600.000000 56.4230348952
272800.000000 57.2842750638
273000.000000 56.4806589912
273200.000000 56.8634022275
273400.000000 57.3654518413
273600.000000 57.2007183623
273800.000000 56.5710751175
274000.000000 57.1448190678
274200.000000 57.0247019374
274400.000000 56.3527349194
274600.000000 55.2770024828
274800.000000 56.0363571651
275000.000000 54.8363501811
275200.000000 55.4741078193
275400.000000 55.6717016916
275600.000000 55.3785576533
275800.000000 56.7262918650
276000.000000 56.2852343414
276200.000000 56.4264421988
276400.000000 56.3072459632
276600.000000 55.5146252543
276800.000000 56.8030039323
277000.000000 56.9569220399
277200.000000 55.6876818472
277400.000000 55.4536902553
277600.000000 57.2425377239
277800.000000 56.2561422986
278000.000000 58.1512390353
278200.000000 57.7622674780
278400.000000 57.8355239330
278600.000000 56.8048913464
278800.000000 57.5009352151
279000.000000 55.9795505223
279200.000000 57.9028625852
279400.000000 57.4430253508
279600.000000 58.1423328569
279800.000000 57.5192245410
280000.000000 56.6654368017
280200.000000 57.8018741541
280400.000000 56.8985518567
280600.000000 56.0492415220
280800.000000 57.3724300845
281000.000000 54.8000698021
281200.000000 56.3492323757
281400.000000 55.1926889756
281600.000000 55.4802722284
281800.000000 57.1561920928
282000.000000 55.0019533818
282200.000000 54.7331864636
282400.000000 54.3564315317
282600.000000 55.7020675281
282800.000000 56.1799709487
283000.000000 55.8467649970
283200.000000 53.7531865984
283400.000000 53.4933611319
283600.000000 53.9357657418
283800.000000 53.8749372258
284000.000000 54.2604415858
284200.000000 54.3236173684
284400.000000 55.4492133279
284600.000000 53.9544798500
284800.000000 54.5027856095
285000.000000 54.9652067888
285200.000000 55.2378408228
285400.000000 56.0765221914
285600.000000 54.3999449803
285800.000000 54.5982251246
286000.000000 53.7250461515
286200.000000 53.8403819035
286400.000000 54.8111649592
286600.000000 55.2066428143
286800.000000 55.3448525146
287000.000000 55.2811176957
287200.000000 55.7843009750
287400.000000 54.8342327266
287600.000000 56.2412718326
287800.000000 55.1091705623
288000.000000 55.7979587172
288200.000000 55.8199125756
288400.000000 56.1193879201
288600.000000 57.3117850823
288800.000000 58.8036656734
289000.000000 58.6618327952
289200.000000 58.8667697939
289400.000000 57.5299211404
289600.000000 56.1150037689
289800.000000 56.5860900467
290000.000000 55.8265467938
290200.000000 54.0893960951
290400.000000 54.8408827252
290600.000000 53.9177214739
290800.000000 53.7704929818
291000.000000 54.1270038964
291200.000000 53.9101630412
291400.000000 54.9505318426
291600.000000 54.0428704476
291800.000000 55.5380004683
292000.000000 55.1382248045
292200.000000 57.0973077553
292400.000000 56.2355059853
292600.000000 56.0910660601
292800.000000 55.9492860543
293000.000000 58.1526715553
293200.000000 57.2648459902
293400.000000 56.3832700769
293600.000000 57.1900542173
293800.000000 57.7633764480
294000.000000 58.1845942824
294200.000000 56.7812219527
294400.000000 57.3480244507
294600.000000 56.5484264483
294800.000000 57.9291908670
295000.000000 56.8890204004
295200.000000 57.1725511071
295400.000000 57.7564434248
295600.000000 57.7656279874
295800.000000 58.3619929435
296000.000000 58.2023536411
296200.000000 57.2403466072
296400.000000 57.2527984019
296600.000000 56.8771913905
296800.000000 57.6469748101
297000.000000 58.2932414765
297200.000000 58.3633408699
297400.000000 57.3213534868
297600.000000 57.8278993085
297800.000000 56.5943169101
298000.000000 57.0847825677
298200.000000 57.6282700069
298400.000000 57.0199295073
298600.000000 56.3050295897
298800.000000 57.0514847778
299000.000000 58.1394099696
299200.000000 56.5444623494
299400.000000 55.3460490271
299600.000000 54.2287906114
299800.000000 54.1089815239
300000.000000 54.8058579900
300200.000000 55.2595547480
300400.000000 54.7638652412
300600.000000 56.0161302756
300800.000000 55.5978575378
301000.000000 55.8609603860
301200.000000 56.4098284510
301400.000000 55.7026053004
301600.000000 58.1626925102
301800.000000 57.1651129053
302000.000000 54.4954568282
302200.000000 56.2695865273
302400.000000 56.3439568391
302600.000000 54.5853952764
302800.000000 55.2656684693
303000.000000 53.5235823998
303200.000000 53.2622825666
303400.000000 54.9529211009
303600.000000 54.8938192245
303800.000000 55.6122055010
304000.000000 55.2133808161
304200.000000 55.1664268497
304400.000000 56.5349077104
304600.000000 55.8318883367
304800.000000 54.9101442478
305000.000000 56.6269319957
305200.000000 56.4779973266
305400.000000 55.6886481197
305600.000000 55.6549844286
305800.000000 55.5724960199
306000.000000 55.4372697012
306200.000000 55.5308727690
306400.000000 55.7708324870
306600.000000 54.4203115689
306800.000000 55.5783570301
307000.000000 55.4867165711
307200.000000 56.2380636307
307400.000000 55.8310713387
307600.000000 56.5209255867
307800.000000 56.1744794314
308000.000000 55.5541939737
308200.000000 55.6363100976
308400.000000 55.7451831172
308600.000000 55.4521901790
308800.000000 54.2392769130
309000.000000 54.8216924766
309200.000000 54.1859018483
309400.000000 53.0376540993
309600.000000 54.0462690992
309800.000000 53.9433080696
310000.000000 52.3262344090
310200.000000 52.6519325585
310400.000000 51.8220059255
310600.000000 51.2512430712
310800.000000 52.7354134956
311000.000000 53.5650157147
311200.000000 54.9065145810
311400.000000 53.3398418533
311600.000000 54.1627755000
311800.000000 54.0889298428
312000.000000 55.2721484916
312200.000000 54.8693468691
312400.000000 57.1487822316
312600.000000 56.4292631372
312800.000000 55.1547536775
313000.000000 56.0715501432
313200.000000 53.6308038168
313400.000000 52.6783151932
313600.000000 54.6656404738
313800.000000 53.4246853066
314000.000000 53.2146972553
314200.000000 54.8915201426
314400.000000 53.4535163606
314600.000000 54.1045622267
314800.000000 52.7173318180
315000.000000 51.6673945529
315200.000000 53.2420869644
315400.000000 53.8439023321
315600.000000 54.3271196442
315800.000000 54.0362399542
316000.000000 53.6921150197
316200.000000 54.9911837044
316400.000000 55.8157579288
316600.000000 55.0677687510
316800.000000 53.6381482595
317000.000000 54.6134743671
317200.000000 55.2292156367
317400.000000 55.5432772358
317600.000000 56.6055634819
317800.000000 56.0272750300
318000.000000 55.9668885099
318200.000000 56.2526286298
318400.000000 54.7878023892
318600.000000 55.5027324866
318800.000000 54.4376196465
319000.000000 55.7991165181
319200.000000 56.2362970730
319400.000000 57.9616463503
319600.000000 56.6282989088
319800.000000 55.6649661161
320000.000000 55.1996557181
320200.000000 55.3704014996
320400.000000 56.8209376949
320600.000000 56.6779639702
320800.000000 55.6464496543
321000.000000 56.6721859669
321200.000000 55.5245719829
321400.000000 56.6513324978
321600.000000 56.2041431626
321800.000000 56.8367465746
322000.000000 56.3946511181
322200.000000 57.0686830552
322400.000000 55.8701066484
322600.000000 57.2814035766
322800.000000 58.7436657609
323000.000000 56.7409918138
323200.000000 57.1643562747
323400.000000 56.7788393168
323600.000000 56.5659503615
323800.000000 55.9222707580
324000.000000 56.3163107226
324200.000000 55.5201225242
324400.000000 55.4689416844
324600.000000 55.5764151814
324800.000000 55.4127921223
325000.000000 55.9706346523
325200.000000 56.6287312523
325400.000000 56.9435166750
325600.000000 55.6714552355
325800.000000 56.7247043732
326000.000000 56.5570220849
326200.000000 56.1703017920
326400.000000 56.3218313619
326600.000000 54.3689562496
326800.000000 55.3853837462
327000.000000 55.7255028709
327200.000000 56.5400408463
327400.000000 55.3276650210
327600.000000 56.1882454653
327800.000000 57.2830553517
328000.000000 58.4886791698
328200.000000 57.7006500444
328400.000000 57.3206727375
328600.000000 57.0369352835
328800.000000 56.4394217304
329000.000000 56.2029883675
329200.000000 56.8675964884
329400.000000 55.9376457675
329600.000000 55.6105775413
329800.000000 55.0041165530
330000.000000 55.2871340328
330200.000000 56.1116018636
330400.000000 56.0432431758
330600.000000 56.4731911175
330800.000000 55.1289004751
331000.000000 56.4638554989
331200.000000 58.0719302363
331400.000000 56.8357388715
331600.000000 55.9059493319
331800.000000 55.7964457206
332000.000000 56.1029272328
332200.000000 55.2367382588
332400.000000 55.4875389271
332600.000000 55.7695867099
332800.000000 55.5696991851
333000.000000 55.5141310281
333200.000000 56.8571512795
333400.000000 56.9611437590
333600.000000 57.6032126818
333800.000000 56.1715033668
334000.000000 56.0175854624
334200.000000 55.8518245979
334400.000000 56.4818145217
334600.000000 55.6438939574
334800.000000 56.7342671433
335000.000000 56.5365734386
335200.000000 57.1320136409
335400.000000 55.4681276241
335600.000000 57.1202874506
335800.000000 57.4358580837
336000.000000 57.4466227453
336200.000000 57.0672463873
336400.000000 56.1896416012
336600.000000 58.5654605709
336800.000000 56.4386273932
337000.000000 56.0318314183
337200.000000 55.8563314102
337400.000000 56.9703300599
337600.000000 56.7750623777
337800.000000 58.1183382455
338000.000000 58.0313168944
338200.000000 59.1750343724
338400.000000 59.0268534734
338600.000000 59.1533862678
338800.000000 59.3748759849
339000.000000 57.8102410085
339200.000000 58.9647874702
339400.000000 58.0665500523
339600.000000 58.4913813605
339800.000000 59.3866189455
340000.000000 59.9801426963
340200.000000 60.8339566581
340400.000000 60.4482932017
340600.000000 59.7281490905
340800.000000 59.8522449021
341000.000000 60.4794628378
341200.000000 59.2538358969
341400.000000 58.9305932660
341600.000000 58.6174057167
341800.000000 59.0478388622
342000.000000 58.9119205884
342200.000000 58.4577307054
342400.000000 58.6728392193
342600.000000 57.0854850184
342800.000000 59.0845579904
343000.000000 57.5994637762
343200.000000 59.2665318518
343400.000000 59.0961841924
343600.000000 57.8287657763
343800.000000 58.9744246089
344000.000000 58.9505706479
344200.000000 57.7487695358
344400.000000 58.1654385553
344600.000000 58.0709863592
344800.000000 57.8513392677
345000.000000 57.2266867440
345200.000000 57.5129530489
345400.000000 57.5873231492
345600.000000 56.9072431475
345800.000000 56.6157172821
346000.000000 55.1630351636
346200.000000 55.8599283766
346400.000000 56.3220452765
346600.000000 55.9622890748
346800.000000 55.6194673153
347000.000000 56.1009898093
347200.000000 56.3438509380
347400.000000 54.7542458574
347600.000000 55.4532068892
347800.000000 54.3734823294
348000.000000 54.2982056836
348200.000000 56.7312235434
348400.000000 57.1190422304
348600.000000 55.0622002666
348800.000000 54.3181167144
349000.000000 54.0786939992
349200.000000 56.0820457601
349400.000000 54.9514630262
349600.000000 54.4830341103
349800.000000 55.6009528223
350000.000000 54.3678358525
350200.000000 54.9927063652
350400.000000 54.4506632433
350600.000000 54.8047976596
350800.000000 56.7554381197
351000.000000 56.3824198663
351200.000000 56.5360317145
351400.000000 55.4054404527
351600.000000 54.2844503199
351800.000000 52.8836259942
352000.000000 55.1458849365
352200.000000 55.9406267926
352400.000000 56.6829509863
352600.000000 55.9417591023
352800.000000 56.3147287877
353000.000000 57.3176621284
353200.000000 56.7646113782
353400.000000 57.6163175897
353600.000000 57.7476942713
353800.000000 58.3840628961
354000.000000 57.5523300107
354200.000000 56.6752737636
354400.000000 56.0055959329
354600.000000 56.7983144380
354800.000000 55.4625358893
355000.000000 54.5595473566
355200.000000 53.1868832500
355400.000000 54.3834286114
355600.000000 53.7517930935
355800.000000 53.5741433550
356000.000000 53.6593456094
356200.000000 54.2433810601
356400.000000 54.5501020912
356600.000000 55.2758311965
356800.000000 53.7742120969
357000.000000 54.4925887629
357200.000000 54.8280831518
357400.000000 53.5735914822
357600.000000 53.0580222213
357800.000000 53.1805366342
358000.000000 53.0579281913
358200.000000 53.3590887261
358400.000000 52.9050916081
358600.000000 53.5538807493
358800.000000 53.0833134877
359000.000000 54.2038416727
359200.000000 54.8531774266
359400.000000 54.3493224983
359600.000000 53.4808314502
359800.000000 53.0169790421
360000.000000 52.9842380246
360200.000000 53.9794060495
360400.000000 53.4383711845
360600.000000 53.8015967621
360800.000000 54.6352091887
361000.000000 54.7589484850
361200.000000 53.5668282142
361400.000000 52.9625109380
361600.000000 53.5798570047
361800.000000 54.3406920145
362000.000000 54.5670194381
362200.000000 54.4020497693
362400.000000 54.2561016732
362600.000000 54.5066884028
362800.000000 54.8976292217
363000.000000 54.5098649869
363200.000000 54.8334472361
363400.000000 55.4735487376
363600.000000 55.0683460281
363800.000000 54.9362113500
364000.000000 53.7287646436
364200.000000 54.2787132376
364400.000000 55.5057505071
364600.000000 53.4437903221
364800.000000 53.3521906882
365000.000000 53.8380836566
365200.000000 52.6834101656
365400.000000 54.6405103353
365600.000000 55.7938973581
365800.000000 53.4337476931
366000.000000 54.2569946325
366200.000000 55.3734737302
366400.000000 55.3098542867
366600.000000 56.1900487616
366800.000000 55.3808638488
367000.000000 55.1160971035
367200.000000 53.5027837355
367400.000000 53.9185928691
367600.000000 54.0264201721
367800.000000 55.1853873744
368000.000000 55.0296346652
368200.000000 55.5479933373
368400.000000 56.3948072015
368600.000000 57.5198009826
368800.000000 57.6791150939
369000.000000 56.5780669915
369200.000000 55.6689321059
369400.000000 55.1892642559
369600.000000 56.5511266592
369800.000000 55.5734884703
370000.000000 54.0415044466
370200.000000 53.8529626980
370400.000000 53.8673587843
370600.000000 53.3909748201
370800.000000 54.6414567825
371000.000000 55.9594709545
371200.000000 56.3969817624
371400.000000 56.5164251781
371600.000000 57.2418716636
371800.000000 55.4987143812
372000.000000 54.9856117678
372200.000000 55.6038548533
372400.000000 56.0816102975
372600.000000 55.2805018388
372800.000000 55.4303798032
373000.000000 55.2798640733
373200.000000 55.7004049714
373400.000000 54.9521928533
373600.000000 54.6368036610
373800.000000 54.6861938686
374000.000000 55.0319675509
374200.000000 55.6425116279
374400.000000 55.7151183383
374600.000000 55.1308426453
374800.000000 55.4985636848
375000.000000 54.8672376458
375200.000000 55.8147106651
375400.000000 54.2592380731
375600.000000 55.3950791457
375800.000000 56.0322635098
376000.000000 55.8371060325
376200.000000 55.4004063299
376400.000000 55.2838231073
376600.000000 56.1829444772
376800.000000 54.8284578573
377000.000000 54.9765057712
377200.000000 53.4301441878
377400.000000 55.8350166283
377600.000000 55.5111528787
377800.000000 55.5874371378
378000.000000 57.2955972272
378200.000000 55.5015164759
378400.000000 55.4757052928
378600.000000 55.5276816327
378800.000000 55.3277512986
379000.000000 55.8837714780
379200.000000 53.7530850672
379400.000000 54.1814974384
379600.000000 54.1786618743
379800.000000 54.4768595091
380000.000000 55.1890043133
380200.000000 54.2294333717
380400.000000 56.7196603188
380600.000000 55.6101445620
380800.000000 54.0426297351
381000.000000 53.8699908913
381200.000000 55.6225969535
381400.000000 54.4494397744
381600.000000 54.7679471280
381800.000000 55.8806292006
382000.000000 56.5484532684
382200.000000 57.7915013195
382400.000000 56.3114780089
382600.000000 55.7009648896
382800.000000 55.1624070984
383000.000000 55.0619594642
383200.000000 54.5702178671
383400.000000 55.6866892800
383600.000000 54.1413903213
383800.000000 53.3721823728
384000.000000 53.1660432175
384200.000000 53.4007751357
384400.000000 54.6904469933
384600.000000 55.6260436547
384800.000000 57.0843734086
385000.000000 56.8851961889
385200.000000 58.3500359100
385400.000000 56.8772460981
385600.000000 57.3237364034
385800.000000 57.0964812566
386000.000000 58.8419059265
386200.000000 57.8520745030
386400.000000 57.5246198570
386600.000000 59.8152780734
386800.000000 59.6324978468
387000.000000 59.7637137857
387200.000000 58.3739428894
387400.000000 56.3876299900
387600.000000 56.9493454502
387800.000000 56.8061131190
388000.000000 55.8509131654
388200.000000 55.2494094171
388400.000000 55.1990600496
388600.000000 54.4048488403
388800.000000 53.5690584495
389000.000000 54.8641593889
389200.000000 54.7820335215
389400.000000 55.0662195295
389600.000000 56.3858355808
389800.000000 57.0896701147
390000.000000 55.5843816498
390200.000000 55.5867473217
390400.000000 55.5390182334
390600.000000 55.1443210385
390800.000000 55.8967606437
391000.000000 56.7068924136
391200.000000 57.3039337439
391400.000000 56.9165737371
391600.000000 56.5543010327
391800.000000 56.2707787252
392000.000000 56.8387554074
392200.000000 56.0622018842
392400.000000 58.1439313437
392600.000000 57.9453163843
392800.000000 56.8416986423
393000.000000 58.2915032975
393200.000000 57.4347160374
393400.000000 57.3975026422
393600.000000 59.6411002313
393800.000000 58.2836443550
394000.000000 58.3261071781
394200.000000 59.1513516022
394400.000000 59.5345706218
394600.000000 61.1359257984
394800.000000 59.8979918380
395000.000000 59.9321003466
395200.000000 59.8405492193
395400.000000 61.1079348649
395600.000000 58.3504328795
395800.000000 59.5111197905
396000.000000 62.0070611839
396200.000000 61.7111488173
396400.000000 60.3127489524
396600.000000 59.7582331534
396800.000000 58.0320099643
397000.000000 58.3422637163
397200.000000 57.2403575323
397400.000000 56.5607939584
397600.000000 56.2204233642
397800.000000 54.6922770656
398000.000000 55.2072792946
398200.000000 56.1359435566
398400.000000 56.9918127866
398600.000000 57.1367722022
398800.000000 55.0895987895
399000.000000 57.3887188173
399200.000000 55.6469306748
399400.000000 57.7904933033
399600.000000 56.4560590623
399800.000000 57.2010591536
400000.000000 57.7098762451
