# time_ps avg_intrachain_contacts
0.000000 87.1208734495
200.000000 85.1690749391
400.000000 85.5216481408
600.000000 86.4191429554
800.000000 85.4650729573
1000.000000 87.8325109431
1200.000000 85.5996742696
1400.000000 87.1076776782
1600.000000 86.6365589309
1800.000000 85.7622396501
2000.000000 86.8958981698
2200.000000 87.8872799205
2400.000000 86.9901664355
2600.000000 86.0239114225
2800.000000 84.8043195840
3000.000000 85.1007579933
3200.000000 86.0371309125
3400.000000 85.2097235448
3600.000000 84.5918830071
3800.000000 84.4731471030
4000.000000 84.1203735512
4200.000000 86.9575225049
4400.000000 83.9110833417
4600.000000 83.1212623852
4800.000000 83.4486353604
5000.000000 83.8293752484
5200.000000 80.2183635510
5400.000000 81.0900695049
5600.000000 79.4097367642
5800.000000 80.3943357724
6000.000000 79.7147454975
6200.000000 80.9841409142
6400.000000 80.3905072019
6600.000000 80.5835064345
6800.000000 79.9304260576
7000.000000 79.3246545737
7200.000000 78.3276955477
7400.000000 80.2409637615
7600.000000 79.8036699041
7800.000000 79.6646010104
8000.000000 79.3843653786
8200.000000 78.8536638241
8400.000000 80.1237050243
8600.000000 79.1618734524
8800.000000 79.1206711505
9000.000000 79.2340733271
9200.000000 78.1159949433
9400.000000 77.6428862417
9600.000000 75.7566785928
9800.000000 75.0529511697
10000.000000 76.0230964604
10200.000000 75.2489668845
10400.000000 77.5659050172
10600.000000 77.2635167627
10800.000000 78.0764811441
11000.000000 76.2252229685
11200.000000 76.2640466537
11400.000000 76.5125677026
11600.000000 78.7748644994
11800.000000 79.9186191557
12000.000000 79.6336070441
12200.000000 79.0749284715
12400.000000 79.5509438131
12600.000000 77.9751914280
12800.000000 79.5395903773
13000.000000 77.6965584324
13200.000000 78.1965089883
13400.000000 75.7834482141
13600.000000 74.3342792486
13800.000000 75.9311587215
14000.000000 76.4529322536
14200.000000 77.7279374994
14400.000000 77.6134170478
14600.000000 77.9034143933
14800.000000 79.2172099868
15000.000000 78.7184543301
15200.000000 77.9070983042
15400.000000 79.6661355341
15600.000000 80.7006150292
15800.000000 79.3792032972
16000.000000 81.6275320946
16200.000000 80.4533765443
16400.000000 80.4971384637
16600.000000 79.1695679830
16800.000000 79.7453708047
17000.000000 80.6929869135
17200.000000 80.2465583946
17400.000000 78.3024536616
17600.000000 76.3492829872
17800.000000 77.4434871291
18000.000000 76.2019198232
18200.000000 77.4827543239
18400.000000 78.7185592520
18600.000000 78.3642210774
18800.000000 80.5044895345
19000.000000 81.2985585384
19200.000000 80.7676272683
19400.000000 80.6246462212
19600.000000 78.9630790743
19800.000000 77.6724654694
20000.000000 76.5159222305
20200.000000 76.9935552426
20400.000000 77.9655494796
20600.000000 77.0441461087
20800.000000 76.0547039507
21000.000000 75.2242499273
21200.000000 74.7070917994
21400.000000 76.7380598580
21600.000000 75.3986119590
21800.000000 75.7320664633
22000.000000 76.2221551472
22200.000000 77.7178733334
22400.000000 80.0508683210
22600.000000 80.2856577910
22800.000000 81.0836677544
23000.000000 79.2429738002
23200.000000 80.0678590616
23400.000000 81.0028989090
23600.000000 82.0056355517
23800.000000 80.1003801304
24000.000000 81.0728257531
24200.000000 79.7872333444
24400.000000 79.1034262569
24600.000000 78.5427378023
24800.000000 78.5211834822
25000.000000 78.4336379951
25200.000000 77.3692208215
25400.000000 78.6489053258
25600.000000 80.0018784069
25800.000000 78.5688011990
26000.000000 79.5698270153
26200.000000 80.0738692536
26400.000000 79.0278512381
26600.000000 78.7394236182
26800.000000 79.2318352055
27000.000000 77.7305673638
27200.000000 78.6821594658
27400.000000 78.7332073280
27600.000000 78.4133223667
27800.000000 79.1521080501
28000.000000 77.8320578279
28200.000000 79.4797598590
28400.000000 77.7190664103
28600.000000 77.2576054895
28800.000000 76.9664641739
29000.000000 76.8040407477
29200.000000 78.0245928160
29400.000000 77.6662756714
29600.000000 77.4439543255
29800.000000 78.1636388575
30000.000000 77.1486904408
30200.000000 76.9456137357
30400.000000 75.6884964584
30600.000000 74.2915875642
30800.000000 76.4387370023
31000.000000 76.3174130649
31200.000000 75.9244650929
31400.000000 75.4799257862
31600.000000 77.3143121818
31800.000000 78.5987132120
32000.000000 77.7586091851
32200.000000 76.9682858636
32400.000000 78.0443075649
32600.000000 78.3188825380
32800.000000 77.4971438255
33000.000000 77.7031033956
33200.000000 78.9787848200
33400.000000 79.3540172505
33600.000000 80.1782482009
33800.000000 77.7203950406
34000.000000 77.9223078739
34200.000000 79.9858670079
34400.000000 80.2140550500
34600.000000 78.4527359601
34800.000000 77.7680025486
35000.000000 76.6484302713
35200.000000 77.1985471144
35400.000000 78.0978923498
35600.000000 76.7586972695
35800.000000 76.4151630207
36000.000000 77.5155924262
36200.000000 77.3317586285
36400.000000 76.4331087010
36600.000000 77.3833233468
36800.000000 78.0693947607
37000.000000 79.5821128147
37200.000000 79.0674255765
37400.000000 79.1690060175
37600.000000 79.8237550115
37800.000000 78.6858539399
38000.000000 79.5117447156
38200.000000 81.1844669131
38400.000000 80.7381975997
38600.000000 80.0486164735
38800.000000 81.5435183354
39000.000000 82.7110563244
39200.000000 81.6150597949
39400.000000 80.1334425431
39600.000000 81.7575979785
39800.000000 80.2639131761
40000.000000 80.5130809668
40200.000000 81.0452816253
40400.000000 81.8858952220
40600.000000 81.8241627924
40800.000000 82.2303498217
41000.000000 81.5023908972
41200.000000 81.2941864556
41400.000000 80.9604392918
41600.000000 82.1154706617
41800.000000 80.3967384506
42000.000000 80.9030505435
42200.000000 83.2752503975
42400.000000 82.2366628963
42600.000000 82.9994263080
42800.000000 82.6539313939
43000.000000 81.9386904468
43200.000000 80.9350218617
43400.000000 79.5394582873
43600.000000 79.5226738580
43800.000000 79.6451939402
44000.000000 81.4647562923
44200.000000 81.3388244210
44400.000000 80.7298349719
44600.000000 79.4074788196
44800.000000 81.0115796500
45000.000000 80.3575969706
45200.000000 80.3808383795
45400.000000 80.4627561137
45600.000000 80.4400338631
45800.000000 78.7831149498
46000.000000 80.3832883903
46200.000000 81.3518338674
46400.000000 81.6088280920
46600.000000 80.9574063473
46800.000000 79.7322527632
47000.000000 80.7757380667
47200.000000 80.8666829009
47400.000000 78.7438115489
47600.000000 79.1465175085
47800.000000 78.9719863956
48000.000000 77.9651156854
48200.000000 78.2467938658
48400.000000 77.9260790424
48600.000000 80.4950511568
48800.000000 80.7426579657
49000.000000 79.8309042029
49200.000000 78.8848653582
49400.000000 79.7819059627
49600.000000 79.4729962214
49800.000000 82.8246603344
50000.000000 81.9143855100
50200.000000 82.4247521571
50400.000000 82.7838940865
50600.000000 80.6352344140
50800.000000 83.0234691387
51000.000000 81.9042141735
51200.000000 82.1065860195
51400.000000 82.2222146068
51600.000000 82.8631321799
51800.000000 82.6704261814
52000.000000 84.8035975508
52200.000000 82.7693048170
52400.000000 81.5390706621
52600.000000 81.3253501440
52800.000000 81.9587130936
53000.000000 81.0255799727
53200.000000 81.7297003182
53400.000000 80.6833320267
53600.000000 82.0909849951
53800.000000 81.5648297184
54000.000000 81.2063965381
54200.000000 82.7998013751
54400.000000 83.3491047592
54600.000000 81.7298445473
54800.000000 82.3313376221
55000.000000 82.9473852796
55200.000000 81.8826319627
55400.000000 83.4344969332
55600.000000 80.3122828963
55800.000000 79.6432401260
56000.000000 79.2675463596
56200.000000 80.1816613485
56400.000000 78.8395684453
56600.000000 79.8059534707
56800.000000 80.3211029304
57000.000000 79.0450688293
57200.000000 76.7097428478
57400.000000 79.6899496917
57600.000000 79.1887429801
57800.000000 82.1536654905
58000.000000 81.5856743888
58200.000000 81.7293344509
58400.000000 80.3480739678
58600.000000 81.9094906361
58800.000000 81.6620187022
59000.000000 80.8914912194
59200.000000 80.9708674880
59400.000000 81.1259930686
59600.000000 81.1628954447
59800.000000 79.6646711667
60000.000000 79.1351622181
60200.000000 77.9650462376
60400.000000 80.2052245995
60600.000000 79.7165583378
60800.000000 80.4358092665
61000.000000 78.9274904349
61200.000000 80.4587128746
61400.000000 79.7989858856
61600.000000 78.7347461772
61800.000000 79.4190545634
62000.000000 81.6484236493
62200.000000 80.3346179858
62400.000000 79.2299941115
62600.000000 77.9698936747
62800.000000 79.4376969898
63000.000000 80.0175779283
63200.000000 78.7270066095
63400.000000 80.4498119202
63600.000000 80.4779811427
63800.000000 80.7885068967
64000.000000 78.1379099719
64200.000000 81.0718719683
64400.000000 80.3927012355
64600.000000 79.7487087838
64800.000000 78.3008216276
65000.000000 78.1977409842
65200.000000 79.1570877661
65400.000000 79.1763406708
65600.000000 79.1162699220
65800.000000 78.9261527419
66000.000000 78.8627582377
66200.000000 77.5769367248
66400.000000 77.2973388408
66600.000000 79.4848152825
66800.000000 77.3854217180
67000.000000 78.2810203224
67200.000000 77.4977500867
67400.000000 79.2323408690
67600.000000 78.8246040647
67800.000000 77.3137700677
68000.000000 78.4755756465
68200.000000 78.2886042033
68400.000000 80.0262649617
68600.000000 79.4808975179
68800.000000 80.1249007562
69000.000000 81.4917139978
69200.000000 82.7604876725
69400.000000 81.1282979623
69600.000000 81.2617885545
69800.000000 84.5941809462
70000.000000 84.7015746287
70200.000000 84.2432947124
70400.000000 82.4179388230
70600.000000 81.5844216084
70800.000000 81.8069443814
71000.000000 82.4265533813
71200.000000 80.8179898026
71400.000000 82.4325585285
71600.000000 81.5799243080
71800.000000 79.5393286708
72000.000000 80.5677862449
72200.000000 81.0552932557
72400.000000 80.1965528683
72600.000000 79.6029073161
72800.000000 80.4337698131
73000.000000 81.7310924769
73200.000000 80.1259140674
73400.000000 79.6634549494
73600.000000 79.2438549712
73800.000000 81.4071831035
74000.000000 81.4265644808
74200.000000 80.7422978657
74400.000000 80.0018832312
74600.000000 79.8404545652
74800.000000 79.1268321216
75000.000000 79.7303770157
75200.000000 78.0409365652
75400.000000 78.7322911137
75600.000000 78.6068371355
75800.000000 82.3650573238
76000.000000 81.8092770363
76200.000000 83.2404149105
76400.000000 83.3410789331
76600.000000 82.5470518813
76800.000000 82.6789061176
77000.000000 83.9337192615
77200.000000 84.3732171177
77400.000000 84.1824323922
77600.000000 84.4170483420
77800.000000 84.7272128932
78000.000000 85.6424828676
78200.000000 84.4920276484
78400.000000 85.0232068798
78600.000000 86.2429771396
78800.000000 84.6410037584
79000.000000 82.9437871041
79200.000000 81.5889060091
79400.000000 81.0717398952
79600.000000 79.0261640408
79800.000000 80.1393992036
80000.000000 79.0382252212
80200.000000 78.0956022517
80400.000000 76.5293787106
80600.000000 79.0417653222
80800.000000 77.6361909081
81000.000000 76.9675742881
81200.000000 78.1229007385
81400.000000 77.6460946289
81600.000000 80.7392900987
81800.000000 80.6582764841
82000.000000 80.2239352936
82200.000000 80.3170843133
82400.000000 80.2866634036
82600.000000 81.4872524193
82800.000000 82.4430483881
83000.000000 82.9282849164
83200.000000 82.9248341221
83400.000000 82.2717397305
83600.000000 78.8281279296
83800.000000 79.7061769393
84000.000000 81.1448058069
84200.000000 81.6568446810
84400.000000 81.9431173798
84600.000000 82.6228847399
84800.000000 81.5483982938
85000.000000 80.7198009742
85200.000000 81.3987900281
85400.000000 81.4465673171
85600.000000 81.7660187424
85800.000000 82.5272723931
86000.000000 82.0288884377
86200.000000 82.0937502108
86400.000000 81.1634559315
86600.000000 78.9195556773
86800.000000 79.3339864446
87000.000000 79.2928442924
87200.000000 81.4475281006
87400.000000 79.1366644127
87600.000000 78.2810688647
87800.000000 79.4975530779
88000.000000 80.5374924132
88200.000000 83.8190740998
88400.000000 83.6700101169
88600.000000 83.6222535676
88800.000000 84.8120883343
89000.000000 85.9182091837
89200.000000 84.0247383431
89400.000000 81.9302031529
89600.000000 82.1451574127
89800.000000 82.6916831574
90000.000000 82.9421186181
90200.000000 81.7209567883
90400.000000 82.4909607134
90600.000000 81.3819662103
90800.000000 82.1299598758
91000.000000 81.6524972133
91200.000000 82.8407183223
91400.000000 82.8050819299
91600.000000 81.1777690102
91800.000000 82.3385708000
92000.000000 82.4254333913
92200.000000 81.9771758601
92400.000000 80.6206541543
92600.000000 80.3465537627
92800.000000 81.7266870401
93000.000000 80.8116223585
93200.000000 81.3019834600
93400.000000 82.9727146178
93600.000000 84.1624109040
93800.000000 83.5250523322
94000.000000 81.8581672255
94200.000000 80.9944104237
94400.000000 80.9940151242
94600.000000 82.4613147071
94800.000000 84.3932707988
95000.000000 84.2881576463
95200.000000 86.7561160751
95400.000000 83.8533398570
95600.000000 82.9471264917
95800.000000 85.5051676899
96000.000000 83.4424813956
96200.000000 84.4241206299
96400.000000 86.4384495814
96600.000000 85.2988061075
96800.000000 82.9649788022
97000.000000 82.5504361003
97200.000000 80.7236128015
97400.000000 81.7397832360
97600.000000 81.0537341559
97800.000000 78.9181724192
98000.000000 77.8781030775
98200.000000 78.7514108222
98400.000000 80.2527027651
98600.000000 79.1951146655
98800.000000 79.5504525894
99000.000000 80.0799664871
99200.000000 81.9063675102
99400.000000 81.9110393546
99600.000000 82.0327648733
99800.000000 84.4121739537
100000.000000 82.9761603958
100200.000000 84.5798407821
100400.000000 81.6581756994
100600.000000 84.2461031788
100800.000000 84.8048844349
101000.000000 84.2443057970
101200.000000 85.2041470387
101400.000000 83.7468673297
101600.000000 80.7890341204
101800.000000 81.5614357111
102000.000000 80.7288060956
102200.000000 83.6650982802
102400.000000 81.2961930621
102600.000000 81.0929068370
102800.000000 78.9220076131
103000.000000 79.7066249275
103200.000000 80.9982636870
103400.000000 81.2577829280
103600.000000 80.6136842112
103800.000000 81.4680867415
104000.000000 78.1344931982
104200.000000 79.4318826951
104400.000000 78.0267960200
104600.000000 79.8741851592
104800.000000 80.4424217819
105000.000000 79.6348078443
105200.000000 80.2314916109
105400.000000 78.1663446958
105600.000000 78.8269177552
105800.000000 77.9465361232
106000.000000 74.7050529260
106200.000000 76.9610899583
106400.000000 78.6402870461
106600.000000 79.9153839640
106800.000000 78.6289283506
107000.000000 78.2051962636
107200.000000 76.9046272066
107400.000000 79.0660679236
107600.000000 78.1624312317
107800.000000 78.0937262262
108000.000000 77.2232749029
108200.000000 75.4228527425
108400.000000 77.1591557252
108600.000000 76.9539714278
108800.000000 76.3465162418
109000.000000 75.2406508534
109200.000000 76.3210538250
109400.000000 78.2794498345
109600.000000 79.6545102531
109800.000000 78.6800304473
110000.000000 77.7426107600
110200.000000 78.9065623373
110400.000000 79.7405065096
110600.000000 80.8519219785
110800.000000 82.1576632538
111000.000000 81.0588120707
111200.000000 81.2323569084
111400.000000 82.7051699952
111600.000000 78.2824380876
111800.000000 78.3163109483
112000.000000 78.9158456645
112200.000000 78.9635713792
112400.000000 80.1994171233
112600.000000 79.5821217127
112800.000000 80.2246690203
113000.000000 81.3779194360
113200.000000 81.4620068278
113400.000000 79.3695899138
113600.000000 78.3432043157
113800.000000 79.6182141337
114000.000000 77.9510175258
114200.000000 80.7930552791
114400.000000 81.7219390822
114600.000000 81.9229251429
114800.000000 81.4174317815
115000.000000 82.0143151195
115200.000000 79.4835612189
115400.000000 79.1546155953
115600.000000 79.1116721099
115800.000000 81.6332042211
116000.000000 81.0747985793
116200.000000 82.1126462346
116400.000000 81.0689011614
116600.000000 79.6637368873
116800.000000 79.8408091493
117000.000000 80.4085059264
117200.000000 79.8233381128
117400.000000 79.9420344636
117600.000000 79.2459952468
117800.000000 82.3779886447
118000.000000 79.3723278662
118200.000000 82.3051477135
118400.000000 80.3187112022
118600.000000 81.4382483657
118800.000000 81.2075262441
119000.000000 79.7568826639
119200.000000 80.6597440493
119400.000000 80.3550445474
119600.000000 79.4105637021
119800.000000 80.1249789034
120000.000000 80.0214749150
120200.000000 81.8162924898
120400.000000 82.6210173876
120600.000000 82.9751049990
120800.000000 80.9191768486
121000.000000 79.6748320995
121200.000000 80.0191466636
121400.000000 79.4347328325
121600.000000 81.1139343439
121800.000000 80.1032135801
122000.000000 78.8335160420
122200.000000 79.4352806132
122400.000000 78.4235723471
122600.000000 77.1101184255
122800.000000 76.4091693772
123000.000000 75.8657545520
123200.000000 75.4005555676
123400.000000 75.0828482864
123600.000000 77.0225480023
123800.000000 78.8752561940
124000.000000 79.7250948462
124200.000000 80.4260650352
124400.000000 78.9473511984
124600.000000 79.8049903599
124800.000000 78.5864563027
125000.000000 77.9768551362
125200.000000 77.4260779799
125400.000000 77.9129056579
125600.000000 80.3029697766
125800.000000 81.0729822193
126000.000000 78.6113132713
126200.000000 78.2177112756
126400.000000 79.0376739676
126600.000000 79.1126846831
126800.000000 79.7722776039
127000.000000 78.4077685949
127200.000000 80.1845106303
127400.000000 82.8824149920
127600.000000 84.3561455689
127800.000000 83.1268685455
128000.000000 84.5023134325
128200.000000 83.8641495165
128400.000000 83.3194980921
128600.000000 81.9571727331
128800.000000 81.6183614990
129000.000000 80.8937214884
129200.000000 83.1049151165
129400.000000 81.3753945396
129600.000000 82.5790190607
129800.000000 81.7264458906
130000.000000 80.5685718781
130200.000000 79.5904713863
130400.000000 80.2359539238
130600.000000 81.0667813634
130800.000000 78.9322179184
131000.000000 80.9351556817
131200.000000 79.2620505064
131400.000000 79.6508865152
131600.000000 78.3182671770
131800.000000 78.1770192412
132000.000000 79.9015053248
132200.000000 77.6827212035
132400.000000 79.7068403789
132600.000000 79.1064349762
132800.000000 77.3100952577
133000.000000 77.4540633507
133200.000000 77.4511216699
133400.000000 81.0154591461
133600.000000 79.2762186414
133800.000000 80.2011271256
134000.000000 78.5385016471
134200.000000 78.4443312274
134400.000000 78.9729125295
134600.000000 78.9824580842
134800.000000 79.4826809499
135000.000000 77.9902898262
135200.000000 79.3903880808
135400.000000 76.6629502723
135600.000000 78.2069727920
135800.000000 78.7672069458
136000.000000 77.7690003761
136200.000000 77.6760329879
136400.000000 79.4867736283
136600.000000 79.3866528553
136800.000000 80.4873826359
137000.000000 80.1215612551
137200.000000 80.6251941891
137400.000000 79.6256980802
137600.000000 80.3425574697
137800.000000 81.5573774343
138000.000000 82.5729087065
138200.000000 81.6075479725
138400.000000 82.1369922917
138600.000000 82.5624245361
138800.000000 82.1479306606
139000.000000 82.1932778435
139200.000000 83.1282377674
139400.000000 83.5360900016
139600.000000 85.5623482900
139800.000000 84.4180479274
140000.000000 84.1464972733
140200.000000 84.1125476243
140400.000000 83.0562028570
140600.000000 82.0943055443
140800.000000 81.9405671301
141000.000000 80.6309618225
141200.000000 80.3988246275
141400.000000 79.5714177859
141600.000000 81.4608338668
141800.000000 81.4939411180
142000.000000 79.7776583600
142200.000000 78.5492633773
142400.000000 77.4765215515
142600.000000 79.4504618006
142800.000000 80.8188795770
143000.000000 77.1832133438
143200.000000 77.3852987421
143400.000000 78.1736764148
143600.000000 78.8215050072
143800.000000 78.6533194522
144000.000000 76.8495702434
144200.000000 78.3123285676
144400.000000 78.2303468004
144600.000000 79.7059095427
144800.000000 79.8390291610
145000.000000 80.8186261618
145200.000000 79.7290758657
145400.000000 81.6753920033
145600.000000 79.8714119338
145800.000000 78.3697334806
146000.000000 79.7138698027
146200.000000 77.4830637392
146400.000000 77.3792514938
146600.000000 76.1138825206
146800.000000 77.0643839399
147000.000000 78.1238762338
147200.000000 76.8371558064
147400.000000 77.2675960793
147600.000000 75.2220892376
147800.000000 75.2989705811
148000.000000 76.6735951488
148200.000000 77.0323311446
148400.000000 75.7928133826
148600.000000 77.4540022680
148800.000000 77.6561396892
149000.000000 79.0872318623
149200.000000 77.7695616639
149400.000000 79.6093352498
149600.000000 78.5611528469
149800.000000 77.6534715696
150000.000000 78.0832891201
150200.000000 77.1242131248
150400.000000 77.4781542164
150600.000000 77.3474558303
150800.000000 77.4545100190
151000.000000 76.3798544184
151200.000000 76.5042114514
151400.000000 76.1511203598
151600.000000 75.7909056079
151800.000000 75.8294707462
152000.000000 76.2606218723
152200.000000 75.9180215083
152400.000000 77.8677080448
152600.000000 76.7172093844
152800.000000 75.9576464924
153000.000000 77.0052861813
153200.000000 75.1916495558
153400.000000 76.0199286889
153600.000000 77.8129171176
153800.000000 76.8979338817
154000.000000 78.4943867898
154200.000000 78.1392749147
154400.000000 78.0504885099
154600.000000 80.1988882594
154800.000000 80.7092476121
155000.000000 79.1490718452
155200.000000 79.2947528958
155400.000000 77.6705559154
155600.000000 77.4598431659
155800.000000 77.7207416254
156000.000000 78.1907522339
156200.000000 78.4944854739
156400.000000 77.0589712119
156600.000000 75.8363173113
156800.000000 75.8904141859
157000.000000 77.0763975004
157200.000000 76.9565740741
157400.000000 77.7088649149
157600.000000 77.8780324756
157800.000000 78.6633337290
158000.000000 79.5273790242
158200.000000 80.8689204637
158400.000000 80.4039113368
158600.000000 81.1258562624
158800.000000 79.2719360724
159000.000000 78.4156826316
159200.000000 78.9399463219
159400.000000 79.6686554314
159600.000000 81.0083270041
159800.000000 81.4807570950
160000.000000 80.9667110087
160200.000000 81.0635412864
160400.000000 77.9040186499
160600.000000 79.3787710453
160800.000000 77.7372247134
161000.000000 80.6849388497
161200.000000 79.9118425717
161400.000000 80.6014068232
161600.000000 79.1549049724
161800.000000 78.5468859896
162000.000000 77.4845456482
162200.000000 79.0017760038
162400.000000 79.8769762309
162600.000000 80.3338131949
162800.000000 80.2517133586
163000.000000 79.9973879828
163200.000000 81.8226434176
163400.000000 80.2571868395
163600.000000 78.6395465690
163800.000000 78.8002293092
164000.000000 79.4483653232
164200.000000 79.7785566038
164400.000000 80.0071359247
164600.000000 79.9917279555
164800.000000 79.6865741692
165000.000000 82.1942467888
165200.000000 79.8022114437
165400.000000 79.8795785032
165600.000000 77.4030466093
165800.000000 78.4048181310
166000.000000 76.6719062021
166200.000000 75.5236458233
166400.000000 75.3172546499
166600.000000 75.5722842644
166800.000000 76.6074328640
167000.000000 78.3948339689
167200.000000 77.4823111238
167400.000000 79.3799127344
167600.000000 77.7130872237
167800.000000 79.6048752219
168000.000000 78.9299797056
168200.000000 77.0570850636
168400.000000 77.0877432054
168600.000000 77.0736509646
168800.000000 76.5018073437
169000.000000 75.5550296318
169200.000000 76.7075513187
169400.000000 79.0804743139
169600.000000 77.8727180387
169800.000000 76.6281618948
170000.000000 77.2886820388
170200.000000 75.4471442143
170400.000000 76.7798958014
170600.000000 78.3067348332
170800.000000 77.5940752801
171000.000000 78.2691528647
171200.000000 77.8468071225
171400.000000 77.2482639947
171600.000000 77.6139495948
171800.000000 76.5920324013
172000.000000 77.5511505704
172200.000000 78.4214518248
172400.000000 78.1491124231
172600.000000 78.5684738396
172800.000000 78.0255844181
173000.000000 77.2712335056
173200.000000 77.8562728843
173400.000000 78.4304975970
173600.000000 76.4367791115
173800.000000 76.9062702179
174000.000000 77.1956987396
174200.000000 79.3264321739
174400.000000 80.2112894608
174600.000000 78.8721826757
174800.000000 79.9716585808
175000.000000 78.3612088784
175200.000000 80.7647021491
175400.000000 79.1790249018
175600.000000 82.5460735017
175800.000000 82.0361943052
176000.000000 81.6243223323
176200.000000 79.4999485704
176400.000000 80.3738308597
176600.000000 79.2482570919
176800.000000 80.0529943268
177000.000000 81.8774955460
177200.000000 80.5639539021
177400.000000 79.9910165735
177600.000000 79.2811410588
177800.000000 81.0908254414
178000.000000 81.0658726326
178200.000000 83.4332300370
178400.000000 83.9617170557
178600.000000 82.8296760426
178800.000000 82.3490378121
179000.000000 84.0609112546
179200.000000 83.5354275610
179400.000000 81.6730055295
179600.000000 81.7611556274
179800.000000 82.1141026398
180000.000000 82.3514590702
180200.000000 82.6765889108
180400.000000 82.9891501613
180600.000000 81.8861982650
180800.000000 82.0138361972
181000.000000 80.6147255320
181200.000000 82.8674731375
181400.000000 81.7788643155
181600.000000 81.0509370441
181800.000000 80.0545591069
182000.000000 79.9304745738
182200.000000 82.4038617865
182400.000000 82.1591714451
182600.000000 82.4835965201
182800.000000 81.6992254459
183000.000000 82.6173488014
183200.000000 82.8212464436
183400.000000 80.9612219416
183600.000000 80.1501447834
183800.000000 80.3258850973
184000.000000 80.9131150382
184200.000000 79.3426759399
184400.000000 79.6059510028
184600.000000 79.0970296592
184800.000000 78.2841388586
185000.000000 78.9075826673
185200.000000 77.6516681324
185400.000000 79.1888163206
185600.000000 80.1963591434
185800.000000 82.0429354672
186000.000000 80.1813882326
186200.000000 81.5760672897
186400.000000 80.2160295634
186600.000000 79.2239700461
186800.000000 80.4089731581
187000.000000 79.4390043690
187200.000000 79.5592195747
187400.000000 80.1506321988
187600.000000 80.5890641812
187800.000000 80.1402692329
188000.000000 82.1445049855
188200.000000 80.8885125202
188400.000000 80.5767280937
188600.000000 81.3681639733
188800.000000 81.3167230421
189000.000000 81.6823396741
189200.000000 81.6233774685
189400.000000 80.6760329573
189600.000000 79.5413171844
189800.000000 79.1779187121
190000.000000 79.9992206010
190200.000000 81.8742214775
190400.000000 80.4869995593
190600.000000 81.2246787150
190800.000000 81.5776894459
191000.000000 82.7404567593
191200.000000 83.3598370603
191400.000000 81.9622490029
191600.000000 80.5797551013
191800.000000 80.2993340960
192000.000000 80.6182516364
192200.000000 80.5798500949
192400.000000 79.9193260517
192600.000000 77.7717595945
192800.000000 78.5786740016
193000.000000 77.4743486419
193200.000000 78.4787934884
193400.000000 77.1810403858
193600.000000 77.8969950905
193800.000000 77.5673479998
194000.000000 79.5554652208
194200.000000 79.3486613054
194400.000000 77.5252809282
194600.000000 77.5671069268
194800.000000 77.8644481253
195000.000000 79.1146354664
195200.000000 77.0605372179
195400.000000 77.6475313832
195600.000000 77.8533437239
195800.000000 77.9153866647
196000.000000 78.1240005275
196200.000000 79.5530991755
196400.000000 80.7954372455
196600.000000 82.5960551464
196800.000000 81.8392035926
197000.000000 81.1043360673
197200.000000 79.9398988581
197400.000000 81.1851734866
197600.000000 80.0154999748
197800.000000 80.1262957886
198000.000000 79.1833798953
198200.000000 78.9461367462
198400.000000 79.4275599975
198600.000000 78.0899937883
198800.000000 77.5587991582
199000.000000 78.6790665904
199200.000000 80.1604331130
199400.000000 80.9447691677
199600.000000 80.5220646549
199800.000000 80.0875871409
200000.000000 79.9351564081
200200.000000 79.2837990049
200400.000000 80.6073011639
200600.000000 79.5476060046
200800.000000 79.4211945401
201000.000000 79.8269420336
201200.000000 79.1443551482
201400.000000 79.3679409019
201600.000000 81.6429080862
201800.000000 83.1016951865
202000.000000 81.1663751067
202200.000000 80.3042295512
202400.000000 80.6599238700
202600.000000 79.5918782357
202800.000000 80.3635467647
203000.000000 79.2858176647
203200.000000 78.3005015860
203400.000000 78.1354223494
203600.000000 80.1714344088
203800.000000 79.3639944591
204000.000000 79.5126071083
204200.000000 79.2917565025
204400.000000 78.5745053874
204600.000000 79.2778522613
204800.000000 78.0928742853
205000.000000 76.5392818294
205200.000000 75.7807259453
205400.000000 77.7431123166
205600.000000 77.4747535140
205800.000000 78.2884549014
206000.000000 79.1071024523
206200.000000 78.2446599190
206400.000000 78.8023686354
206600.000000 78.8635763385
206800.000000 80.7871389561
207000.000000 79.7273969196
207200.000000 78.2587386195
207400.000000 79.8266634899
207600.000000 78.5494770674
207800.000000 77.7675230215
208000.000000 79.1944302990
208200.000000 80.3437164740
208400.000000 78.3928017274
208600.000000 78.0440657595
208800.000000 79.1042485936
209000.000000 80.9907123125
209200.000000 79.2089525518
209400.000000 80.4472818290
209600.000000 77.7971784088
209800.000000 78.4986988331
210000.000000 81.0802519973
210200.000000 78.6473036410
210400.000000 78.4715202955
210600.000000 79.6422173694
210800.000000 78.8096216424
211000.000000 80.3680343103
211200.000000 79.8352513948
211400.000000 80.8781727813
211600.000000 82.9954411094
211800.000000 80.0121555078
212000.000000 80.4377084436
212200.000000 80.2878620950
212400.000000 81.3205349282
212600.000000 79.5332944663
212800.000000 80.0907440060
213000.000000 78.3077103343
213200.000000 78.8446069457
213400.000000 78.3850352132
213600.000000 79.5297674571
213800.000000 80.2666041773
214000.000000 78.2839107821
214200.000000 79.0938080925
214400.000000 77.9283595592
214600.000000 79.5010140094
214800.000000 78.5596756211
215000.000000 77.8859253448
215200.000000 79.2741454889
215400.000000 79.3856479276
215600.000000 78.2628705221
215800.000000 80.7217633533
216000.000000 79.3257296744
216200.000000 78.1342106264
216400.000000 78.6840777744
216600.000000 79.2419127684
216800.000000 77.0065809473
217000.000000 76.7441548457
217200.000000 76.9192370270
217400.000000 77.3977888168
217600.000000 76.6744451999
217800.000000 77.4141063097
218000.000000 78.1511011834
218200.000000 79.8766778425
218400.000000 77.5828077369
218600.000000 76.1984835457
218800.000000 75.9223650998
219000.000000 77.2190298514
219200.000000 77.8727725400
219400.000000 78.2975004835
219600.000000 78.5928319831
219800.000000 79.1227743357
220000.000000 82.1567356588
220200.000000 81.2511891170
220400.000000 79.6860810785
220600.000000 79.6113211066
220800.000000 80.8980804871
221000.000000 80.6525441692
221200.000000 81.9486350035
221400.000000 81.9418078653
221600.000000 80.9408611534
221800.000000 81.5658589831
222000.000000 82.1622027827
222200.000000 81.9629584285
222400.000000 81.8524346258
222600.000000 78.8376530484
222800.000000 78.4877577893
223000.000000 78.9954767528
223200.000000 77.9768311437
223400.000000 79.4457523556
223600.000000 79.3687994652
223800.000000 78.2357561076
224000.000000 77.2213587327
224200.000000 78.2911122058
224400.000000 76.8201096397
224600.000000 75.6955437895
224800.000000 78.6076112866
225000.000000 80.2180872996
225200.000000 80.1139178290
225400.000000 80.9714408298
225600.000000 80.1782605986
225800.000000 81.5586836917
226000.000000 80.4011379503
226200.000000 79.1004519061
226400.000000 79.5987492720
226600.000000 80.3213173411
226800.000000 79.0874070115
227000.000000 81.4403688147
227200.000000 83.8058118159
227400.000000 82.1851128318
227600.000000 80.2238488410
227800.000000 80.1924638952
228000.000000 81.2888476734
228200.000000 82.8608474692
228400.000000 80.1085755046
228600.000000 78.4063588077
228800.000000 80.7597717104
229000.000000 79.9571460214
229200.000000 78.2607228608
229400.000000 79.2420516084
229600.000000 78.6957205311
229800.000000 79.8225261281
230000.000000 79.4832943361
230200.000000 77.7822391800
230400.000000 77.0944712758
230600.000000 77.3845754016
230800.000000 76.9137087891
231000.000000 77.3859585901
231200.000000 78.3835921620
231400.000000 79.3692369115
231600.000000 78.7895620734
231800.000000 78.7501300779
232000.000000 80.8946676687
232200.000000 80.6084019440
232400.000000 80.7452074265
232600.000000 79.5449760386
232800.000000 79.8761232695
233000.000000 80.0989480197
233200.000000 80.8206290477
233400.000000 80.4795545034
233600.000000 84.1790098633
233800.000000 84.5786649589
234000.000000 83.4589147582
234200.000000 80.4505072063
234400.000000 81.4511397052
234600.000000 79.7210344704
234800.000000 78.3908659064
235000.000000 77.6977039674
235200.000000 78.5066740224
235400.000000 79.7602615963
235600.000000 78.5428482883
235800.000000 78.4396687060
236000.000000 77.6943602585
236200.000000 77.4873057081
236400.000000 78.0180317329
236600.000000 78.8806701664
236800.000000 78.8302507217
237000.000000 78.8739414890
237200.000000 77.9870772317
237400.000000 77.7745020697
237600.000000 77.7197442319
237800.000000 76.7349319961
238000.000000 77.1149093713
238200.000000 79.4653812757
238400.000000 78.6585603363
238600.000000 79.3946170682
238800.000000 78.7237617843
239000.000000 76.8690645452
239200.000000 77.7551933667
239400.000000 78.6004096472
239600.000000 77.6788819363
239800.000000 78.8283454163
240000.000000 77.6558360095
240200.000000 78.7067284693
240400.000000 78.5681126397
240600.000000 78.5454297552
240800.000000 77.4447089475
241000.000000 80.1412935649
241200.000000 79.4805128797
241400.000000 80.5646444558
241600.000000 80.9846951982
241800.000000 81.0928743215
242000.000000 83.2864056791
242200.000000 82.6713716610
242400.000000 82.6092919828
242600.000000 82.8491325695
242800.000000 84.2346946555
243000.000000 83.6114201533
243200.000000 83.3092708383
243400.000000 82.2491878665
243600.000000 82.4200675431
243800.000000 81.1341814947
244000.000000 81.2057786827
244200.000000 80.7510329756
244400.000000 79.5519249192
244600.000000 80.2409938947
244800.000000 79.9835962215
245000.000000 78.4177337242
245200.000000 80.7845299339
245400.000000 78.4185477916
245600.000000 78.6571881102
245800.000000 78.6630944129
246000.000000 77.7065638853
246200.000000 77.7059828498
246400.000000 78.5840665595
246600.000000 77.2768295535
246800.000000 78.3237486619
247000.000000 77.3491003050
247200.000000 77.5191947378
247400.000000 77.7996361943
247600.000000 76.4345357978
247800.000000 77.6268275996
248000.000000 78.5968906845
248200.000000 78.2581597833
248400.000000 79.4148563358
248600.000000 79.7875290849
248800.000000 80.0074404177
249000.000000 79.4406371265
249200.000000 78.7524645345
249400.000000 80.1798599317
249600.000000 81.0467492629
249800.000000 78.8954499823
250000.000000 78.0059989101
250200.000000 78.8123947915
250400.000000 78.4607004588
250600.000000 77.1035909845
250800.000000 76.7093998498
251000.000000 75.5115397532
251200.000000 77.3722293976
251400.000000 76.2834905665
251600.000000 77.5885774500
251800.000000 77.2127917982
252000.000000 78.4097086369
252200.000000 76.9211924932
252400.000000 78.0478856752
252600.000000 79.3935006601
252800.000000 80.9214354873
253000.000000 79.8044766192
253200.000000 80.4984070543
253400.000000 81.1626540333
253600.000000 80.9054239377
253800.000000 81.6436830668
254000.000000 81.9152144107
254200.000000 80.2924285057
254400.000000 81.0089168476
254600.000000 80.8596496174
254800.000000 79.3767547629
255000.000000 80.1776320943
255200.000000 79.9406737573
255400.000000 78.0292129694
255600.000000 76.5062806331
255800.000000 77.9688588862
256000.000000 78.0209733378
256200.000000 79.2381653682
256400.000000 78.2148661686
256600.000000 77.4869635365
256800.000000 78.2934847720
257000.000000 77.4686769215
257200.000000 78.6629528461
257400.000000 79.7079356094
257600.000000 79.1970965633
257800.000000 82.8563710247
258000.000000 82.0488299343
258200.000000 80.8258517656
258400.000000 81.4883495582
258600.000000 81.8427658654
258800.000000 81.4084328180
259000.000000 81.1551012176
259200.000000 81.2951918560
259400.000000 81.8913903664
259600.000000 80.6509755205
259800.000000 81.3507473314
260000.000000 80.0151746633
260200.000000 80.8513778299
260400.000000 80.3035365414
260600.000000 78.2437357144
260800.000000 80.1098195948
261000.000000 81.3368179416
261200.000000 80.6282239907
261400.000000 78.2768519340
261600.000000 78.5094207771
261800.000000 79.5180896209
262000.000000 78.5863591766
262200.000000 77.8444217892
262400.000000 76.6673545316
262600.000000 76.6616641942
262800.000000 76.5142137706
263000.000000 77.3341345826
263200.000000 76.4301105300
263400.000000 78.1969385346
263600.000000 78.0549511787
263800.000000 78.5873882375
264000.000000 78.7901308205
264200.000000 78.6688327304
264400.000000 78.1911289661
264600.000000 79.5044308943
264800.000000 80.7958256963
265000.000000 80.8743956819
265200.000000 80.7658256019
265400.000000 80.4780975713
265600.000000 80.6911542099
265800.000000 78.2049766134
266000.000000 78.1233323779
266200.000000 77.7509551910
266400.000000 79.9705434612
266600.000000 80.9969003165
266800.000000 79.4870664301
267000.000000 78.8714370625
267200.000000 80.5336294823
267400.000000 76.7460783904
267600.000000 77.1003469807
267800.000000 78.6519196554
268000.000000 80.2879257799
268200.000000 79.3558211548
268400.000000 79.1902130134
268600.000000 78.1773644892
268800.000000 78.7436740528
269000.000000 79.4734501828
269200.000000 80.3101502174
269400.000000 81.0077867984
269600.000000 80.6889619813
269800.000000 82.0086463128
270000.000000 81.6821466343
270200.000000 79.6774505432
270400.000000 78.4962114820
270600.000000 79.9100267072
270800.000000 78.7934269332
271000.000000 79.3643452185
271200.000000 78.7334580197
271400.000000 77.8479390979
271600.000000 78.4987540652
271800.000000 78.3039326836
272000.000000 77.4091590478
272200.000000 75.9141200061
272400.000000 74.0690151080
272600.000000 74.5275473272
272800.000000 75.5294546107
273000.000000 75.0971539048
273200.000000 75.5147773480
273400.000000 75.5655248154
273600.000000 76.2976319577
273800.000000 77.2553058671
274000.000000 76.2668681644
274200.000000 77.1624498111
274400.000000 76.5883953511
274600.000000 77.5717823771
274800.000000 79.4342445405
275000.000000 78.7465427665
275200.000000 79.6091971486
275400.000000 78.8170522802
275600.000000 78.1390532844
275800.000000 79.4126424378
276000.000000 79.0286529618
276200.000000 80.8173987465
276400.000000 77.7398212109
276600.000000 80.1589682323
276800.000000 81.0679979261
277000.000000 79.0480675225
277200.000000 80.3449285794
277400.000000 79.8813575391
277600.000000 78.4069377868
277800.000000 79.9072708968
278000.000000 79.2512186647
278200.000000 77.9559981226
278400.000000 78.6907321639
278600.000000 78.5744256123
278800.000000 78.9531498545
279000.000000 76.4728151127
279200.000000 76.3518965776
279400.000000 74.4749789990
279600.000000 75.9589906923
279800.000000 75.0081305443
280000.000000 76.9518092063
280200.000000 75.3023530578
280400.000000 78.4743851172
280600.000000 78.9088675841
280800.000000 78.2431989601
281000.000000 77.9970590062
281200.000000 77.0949041599
281400.000000 78.0610138057
281600.000000 78.3818147718
281800.000000 78.6673969102
282000.000000 78.3172765861
282200.000000 80.5908386030
282400.000000 78.4313142024
282600.000000 78.5824468214
282800.000000 78.6022594656
283000.000000 78.6143488276
283200.000000 79.9524433585
283400.000000 80.3011569773
283600.000000 80.4833566928
283800.000000 81.9271544937
284000.000000 80.5242497111
284200.000000 79.3604475777
284400.000000 80.2613717275
284600.000000 80.5796695239
284800.000000 81.8331598251
285000.000000 80.0973298735
285200.000000 80.6409052927
285400.000000 81.3313144509
285600.000000 80.9725575029
285800.000000 79.5997700720
286000.000000 81.5697132177
286200.000000 80.3531522210
286400.000000 79.8705898340
286600.000000 79.1198999198
286800.000000 79.7642494560
287000.000000 79.1761277402
287200.000000 80.7608383293
287400.000000 80.3935912932
287600.000000 80.4460422155
287800.000000 80.4350389967
288000.000000 80.4280825091
288200.000000 80.3557547355
288400.000000 78.9817283776
288600.000000 79.1113929283
288800.000000 79.2164994558
289000.000000 78.2711634748
289200.000000 77.8787583214
289400.000000 78.0536089804
289600.000000 78.0366786803
289800.000000 78.6605754119
290000.000000 80.3203257335
290200.000000 79.7823498609
290400.000000 80.0779010704
290600.000000 79.7574219464
290800.000000 79.0439958588
291000.000000 78.5164187304
291200.000000 77.1108877262
291400.000000 78.2459469134
291600.000000 79.0635709234
291800.000000 78.7413293166
292000.000000 81.3035783367
292200.000000 77.9133518564
292400.000000 77.4255339477
292600.000000 78.5830408689
292800.000000 77.8832024587
293000.000000 78.8077570083
293200.000000 79.3989026994
293400.000000 80.1408997996
293600.000000 80.5923488957
293800.000000 79.8927488790
294000.000000 79.1784327437
294200.000000 79.0081493962
294400.000000 76.9275600344
294600.000000 78.8399393093
294800.000000 80.3295048193
295000.000000 79.8148669895
295200.000000 78.9121530103
295400.000000 79.6076953424
295600.000000 79.3916683944
295800.000000 78.9155880619
296000.000000 77.9514975757
296200.000000 79.8279864760
296400.000000 78.0923660511
296600.000000 80.9504358712
296800.000000 80.1065418749
297000.000000 80.6931015119
297200.000000 80.8203249803
297400.000000 79.4201433708
297600.000000 80.2906022827
297800.000000 80.0286619905
298000.000000 79.8475186330
298200.000000 81.7906242920
298400.000000 82.3374478527
298600.000000 81.9347227550
298800.000000 81.5435567686
299000.000000 81.1184591611
299200.000000 81.0648565769
299400.000000 81.3453349264
299600.000000 82.4777106542
299800.000000 81.3207895376
300000.000000 80.5942505052
300200.000000 81.0272926164
300400.000000 81.2623975096
300600.000000 78.7960532741
300800.000000 82.1207155749
301000.000000 83.0710078247
301200.000000 80.1025691854
301400.000000 78.7436432006
301600.000000 78.3256016618
301800.000000 77.8772141750
302000.000000 79.4491203014
302200.000000 77.7178711473
302400.000000 77.6788007808
302600.000000 79.8821534607
302800.000000 78.1171774826
303000.000000 78.4491791824
303200.000000 77.1777064927
303400.000000 77.8312489730
303600.000000 80.0438791735
303800.000000 80.8964293587
304000.000000 80.9493387201
304200.000000 81.5747427912
304400.000000 80.5655582624
304600.000000 79.5707313531
304800.000000 81.0177841898
305000.000000 81.5804700981
305200.000000 80.5596009426
305400.000000 82.6774603582
305600.000000 82.5732022916
305800.000000 82.3623156826
306000.000000 83.0684736388
306200.000000 84.2723056660
306400.000000 85.1268663143
306600.000000 85.0611201853
306800.000000 84.0782868793
307000.000000 84.7010938767
307200.000000 85.1974808385
307400.000000 82.6927876383
307600.000000 82.1955563762
307800.000000 81.6906076285
308000.000000 84.1725009695
308200.000000 83.7661361360
308400.000000 82.6983574986
308600.000000 82.2091311178
308800.000000 82.8975910385
309000.000000 84.4331391002
309200.000000 82.9170550151
309400.000000 83.7954389204
309600.000000 82.2879569850
309800.000000 84.8059067101
310000.000000 85.5561238559
310200.000000 85.9868664599
310400.000000 85.9598929493
310600.000000 84.9721269780
310800.000000 83.8847768974
311000.000000 84.4831508581
311200.000000 83.4887071026
311400.000000 84.3188658723
311600.000000 83.7814165671
311800.000000 83.7203979213
312000.000000 83.0257215032
312200.000000 83.9571924186
312400.000000 83.5627759578
312600.000000 84.4302529930
312800.000000 82.8203563961
313000.000000 82.2796225306
313200.000000 83.0737290854
313400.000000 82.4246006520
313600.000000 80.5469562063
313800.000000 80.1640771554
314000.000000 80.0939717173
314200.000000 78.3993092749
314400.000000 81.2108679667
314600.000000 79.5676651842
314800.000000 80.4028566266
315000.000000 81.2606707512
315200.000000 79.0672393746
315400.000000 79.6060440725
315600.000000 77.7246183145
315800.000000 78.5516694232
316000.000000 77.6776615698
316200.000000 78.8880232551
316400.000000 79.4243801573
316600.000000 79.7052365415
316800.000000 80.8739579798
317000.000000 81.5363729500
317200.000000 80.0483504974
317400.000000 79.7842300644
317600.000000 79.3377410286
317800.000000 77.7040118366
318000.000000 77.3707789691
318200.000000 78.4895538895
318400.000000 79.9400820395
318600.000000 77.9392684469
318800.000000 80.1931635757
319000.000000 77.8188040741
319200.000000 75.9547083430
319400.000000 74.5717165357
319600.000000 78.2469338199
319800.000000 77.5096142211
320000.000000 79.3159893288
320200.000000 78.6352431860
320400.000000 78.4594298626
320600.000000 78.5813100505
320800.000000 78.3166986055
321000.000000 79.1407224907
321200.000000 78.5156513982
321400.000000 78.5112426517
321600.000000 78.3979251110
321800.000000 79.3210022277
322000.000000 78.4731620444
322200.000000 79.5522205760
322400.000000 78.9014855175
322600.000000 78.1613446124
322800.000000 78.0890053955
323000.000000 78.9481083099
323200.000000 77.7389581229
323400.000000 76.2386554034
323600.000000 78.3696506331
323800.000000 79.3767290232
324000.000000 78.7167022190
324200.000000 80.2079707147
324400.000000 78.2235510519
324600.000000 78.5028322404
324800.000000 79.7433593315
325000.000000 78.9246021475
325200.000000 76.9885500087
325400.000000 77.1627331563
325600.000000 76.5216930194
325800.000000 78.2683744429
326000.000000 77.9965378019
326200.000000 79.8010401476
326400.000000 79.5521537791
326600.000000 79.7612345848
326800.000000 80.2871346873
327000.000000 82.1178914069
327200.000000 81.5219763763
327400.000000 81.2763665406
327600.000000 80.0168026968
327800.000000 81.5671914067
328000.000000 81.3244711731
328200.000000 79.4370136159
328400.000000 79.0589572550
328600.000000 79.9165308690
328800.000000 78.9913597184
329000.000000 79.4849093395
329200.000000 78.2565750232
329400.000000 79.7407769826
329600.000000 79.9517147814
329800.000000 79.1685651722
330000.000000 78.7926317231
330200.000000 78.3297646715
330400.000000 79.2090639798
330600.000000 79.4208254070
330800.000000 80.9001079395
331000.000000 78.3718868590
331200.000000 79.0749141291
331400.000000 81.3126722692
331600.000000 81.8453111583
331800.000000 81.5820195588
332000.000000 79.7402089427
332200.000000 80.7525237359
332400.000000 81.4220896747
332600.000000 80.4145207086
332800.000000 81.8656224178
333000.000000 82.9515408307
333200.000000 81.6209827007
333400.000000 81.7096305905
333600.000000 82.6647670194
333800.000000 82.9172714723
334000.000000 82.2668667426
334200.000000 80.7138714433
334400.000000 82.9132802963
334600.000000 80.4217952405
334800.000000 78.5067690402
335000.000000 79.6165985904
335200.000000 78.8085944159
335400.000000 79.6007017079
335600.000000 80.5292630012
335800.000000 80.9173945592
336000.000000 79.8717341114
336200.000000 81.2258587062
336400.000000 79.6498393477
336600.000000 80.9807133014
336800.000000 79.7397266838
337000.000000 79.9573792734
337200.000000 81.4080892411
337400.000000 78.7730395695
337600.000000 79.9652644473
337800.000000 80.5167772108
338000.000000 80.0290211303
338200.000000 82.5952229940
338400.000000 80.9723194794
338600.000000 79.0414568971
338800.000000 79.9074225750
339000.000000 80.9299674330
339200.000000 79.5122874876
339400.000000 81.5352754352
339600.000000 79.6208866564
339800.000000 80.1678780968
340000.000000 80.7559426646
340200.000000 79.4703379281
340400.000000 81.6000780442
340600.000000 80.6684374047
340800.000000 80.0350430729
341000.000000 79.5585127359
341200.000000 80.8985993410
341400.000000 80.9498289590
341600.000000 84.8835243692
341800.000000 84.1813006156
342000.000000 83.1183865571
342200.000000 84.0373591346
342400.000000 82.0487071017
342600.000000 81.5415011316
342800.000000 82.3223080340
343000.000000 81.5603038398
343200.000000 79.8372284040
343400.000000 81.3870650704
343600.000000 80.2324539922
343800.000000 79.7243242836
344000.000000 79.6030341155
344200.000000 79.2218957757
344400.000000 79.7575690805
344600.000000 79.2559475362
344800.000000 78.2084600366
345000.000000 78.9685287287
345200.000000 77.9686221895
345400.000000 79.2730268891
345600.000000 77.8223761136
345800.000000 81.0332679214
346000.000000 79.9656856250
346200.000000 78.9900440044
346400.000000 79.3405684757
346600.000000 78.7717038039
346800.000000 79.5312781473
347000.000000 76.3154252700
347200.000000 77.6368737952
347400.000000 76.8777022518
347600.000000 78.0037307661
347800.000000 77.8902343561
348000.000000 77.9849325324
348200.000000 78.7119791196
348400.000000 79.7367725796
348600.000000 80.4259487199
348800.000000 79.6059449381
349000.000000 80.2477333642
349200.000000 80.2866854249
349400.000000 79.8746633119
349600.000000 80.8866737952
349800.000000 80.5811584675
350000.000000 80.8837592498
350200.000000 83.3417721543
350400.000000 83.2693434546
350600.000000 82.9844803363
350800.000000 80.4695541993
351000.000000 81.2697017875
351200.000000 81.7730776906
351400.000000 82.1813239256
351600.000000 80.6132845504
351800.000000 84.4670237700
352000.000000 82.2876342920
352200.000000 82.7996355037
352400.000000 80.6370528956
352600.000000 80.1534546968
352800.000000 79.7617048373
353000.000000 78.8002651926
353200.000000 79.7969092254
353400.000000 77.8766574017
353600.000000 77.6578368834
353800.000000 78.0641170726
354000.000000 76.5565620176
354200.000000 76.4580857409
354400.000000 77.1474816087
354600.000000 75.8775615719
354800.000000 77.6149182732
355000.000000 78.2196673736
355200.000000 79.4020742240
355400.000000 79.4293656372
355600.000000 79.9877878727
355800.000000 79.7451994403
356000.000000 78.6221057353
356200.000000 77.5495153750
356400.000000 77.5776585728
356600.000000 77.4565190450
356800.000000 77.8939865657
357000.000000 78.0015622197
357200.000000 79.0762466647
357400.000000 80.1816545759
357600.000000 80.6055830185
357800.000000 79.6781079819
358000.000000 79.3050011811
358200.000000 78.5882241705
358400.000000 78.6596279261
358600.000000 80.1887431844
358800.000000 79.3197513238
359000.000000 79.2600692853
359200.000000 81.0531488636
359400.000000 81.1357528082
359600.000000 80.3799601003
359800.000000 81.1872378740
360000.000000 82.9005952880
360200.000000 83.7367831562
360400.000000 82.0603004007
360600.000000 80.2739862455
360800.000000 80.3443870466
361000.000000 79.7446408732
361200.000000 79.9296221777
361400.000000 76.9650115526
361600.000000 76.1663979939
361800.000000 78.9891363309
362000.000000 78.2666261381
362200.000000 77.7393037721
362400.000000 78.5497937629
362600.000000 77.4904848465
362800.000000 76.6593684779
363000.000000 77.2482557434
363200.000000 76.7035819227
363400.000000 77.1464724908
363600.000000 77.5937380055
363800.000000 79.3671733696
364000.000000 81.8352302186
364200.000000 78.1097101363
364400.000000 78.9074635980
364600.000000 79.4560626571
364800.000000 79.5828266068
365000.000000 80.0681845033
365200.000000 80.6160769278
365400.000000 77.4065142348
365600.000000 77.0869067199
365800.000000 78.3716797933
366000.000000 77.7533768483
366200.000000 78.1913716141
366400.000000 79.3525806069
366600.000000 79.4206278177
366800.000000 79.7234291948
367000.000000 77.7121262430
367200.000000 78.3432549474
367400.000000 80.4688959804
367600.000000 79.0243191429
367800.000000 77.1926560135
368000.000000 77.2579635219
368200.000000 75.3724650285
368400.000000 74.4898016544
368600.000000 75.4822912833
368800.000000 76.1861546473
369000.000000 76.9518181051
369200.000000 76.2103627787
369400.000000 77.3075935245
369600.000000 78.4932052121
369800.000000 76.4962091059
370000.000000 77.3421408129
370200.000000 78.1806609966
370400.000000 79.2328121207
370600.000000 79.2760539640
370800.000000 80.8452208076
371000.000000 79.6869158139
371200.000000 79.3595171213
371400.000000 79.0768519007
371600.000000 80.2226876567
371800.000000 78.4815903546
372000.000000 77.7191461188
372200.000000 77.1335604517
372400.000000 76.6813036727
372600.000000 78.9757092589
372800.000000 77.5579358091
373000.000000 79.6978154241
373200.000000 79.3198311935
373400.000000 79.4557442466
373600.000000 80.6443691603
373800.000000 80.3379687876
374000.000000 79.7884490387
374200.000000 79.3602398821
374400.000000 77.0897739563
374600.000000 78.1442486920
374800.000000 78.8456229458
375000.000000 78.9329684348
375200.000000 79.2029688093
375400.000000 78.8637595675
375600.000000 78.0005687634
375800.000000 77.5975337876
376000.000000 77.9323962466
376200.000000 79.3617472596
376400.000000 78.7051248857
376600.000000 76.5530361568
376800.000000 76.0840663878
377000.000000 78.1404222922
377200.000000 78.3780518029
377400.000000 75.0595697560
377600.000000 75.9257979483
377800.000000 77.5111511293
378000.000000 76.4911682216
378200.000000 76.7974110553
378400.000000 77.9276404366
378600.000000 77.7220779801
378800.000000 77.8280331346
379000.000000 77.2820036123
379200.000000 77.7564422930
379400.000000 80.2116742403
379600.000000 81.7323678806
379800.000000 80.9262509606
380000.000000 78.5876742359
380200.000000 78.8355451471
380400.000000 76.5101704774
380600.000000 77.3982497624
380800.000000 76.6910354834
381000.000000 76.2936762112
381200.000000 76.2474160723
381400.000000 77.6490082126
381600.000000 77.7831004032
381800.000000 76.9615016316
382000.000000 78.1241067364
382200.000000 76.9357757037
382400.000000 77.5759580921
382600.000000 78.1360014758
382800.000000 78.7926536082
383000.000000 78.3690565096
383200.000000 78.8943626320
383400.000000 79.6284391026
383600.000000 77.2615446180
383800.000000 78.2112512239
384000.000000 79.5375611852
384200.000000 80.0291352973
384400.000000 80.0459102726
384600.000000 81.5126027737
384800.000000 80.7021114789
385000.000000 80.2579718154
385200.000000 79.3213275068
385400.000000 82.0418329446
385600.000000 81.8081041562
385800.000000 82.3571527049
386000.000000 81.7548690628
386200.000000 82.3446138520
386400.000000 81.2867782652
386600.000000 78.9617370984
386800.000000 78.2759985687
387000.000000 78.5892349660
387200.000000 78.0167053533
387400.000000 76.8862277623
387600.000000 78.3404941334
387800.000000 79.2772037825
388000.000000 80.0857971569
388200.000000 78.8967926831
388400.000000 78.1497526965
388600.000000 77.9137344001
388800.000000 78.7692174328
389000.000000 76.8098504301
389200.000000 78.1672976687
389400.000000 79.0639600943
389600.000000 79.1837043865
389800.000000 78.4638990215
390000.000000 79.2972237094
390200.000000 80.1401374542
390400.000000 79.1153970034
390600.000000 79.7585709211
390800.000000 76.9397423576
391000.000000 77.1870809095
391200.000000 77.3281406044
391400.000000 78.6775768531
391600.000000 77.0095926714
391800.000000 76.6018327583
392000.000000 77.7288973799
392200.000000 77.0773875300
392400.000000 77.6887637175
392600.000000 77.3566660858
392800.000000 76.6210675983
393000.000000 79.3413326888
393200.000000 79.2591196166
393400.000000 79.7146040233
393600.000000 77.7557655413
393800.000000 78.3977080266
394000.000000 79.4549893084
394200.000000 78.0215701025
394400.000000 78.8807007891
394600.000000 80.6969419232
394800.000000 80.3893750288
395000.000000 79.6227236298
395200.000000 80.3242188641
395400.000000 80.2955738354
395600.000000 77.8076614196
395800.000000 77.6084544831
396000.000000 77.2293275026
396200.000000 76.3244469306
396400.000000 76.4049226302
396600.000000 76.4218223678
396800.000000 76.8295352952
397000.000000 75.7827604636
397200.000000 77.0039946457
397400.000000 75.1523401010
397600.000000 76.5480201640
397800.000000 78.0124916762
398000.000000 76.1628950950
398200.000000 76.6776382990
398400.000000 77.2323092347
398600.000000 76.2032369260
398800.000000 76.3727175780
399000.000000 77.8113635099
399200.000000 79.6552768596
399400.000000 78.2158348294
399600.000000 78.1735798134
399800.000000 78.7442113617
400000.000000 79.8077367596
